-1.000000e+00 3.090861e-13 0.000000e+00 0.000000e+00 -3.327116e-12 -1.000000e+00 4.547474e-13 -5.684342e-14 0.000000e+00 0.000000e+00 1.000000e+00 0.000000e+00
-9.999818e-01 -3.115420e-05 -6.055874e-03 7.345295e-03 3.138522e-05 -1.000000e+00 -3.805358e-05 -5.911582e-05 -6.055873e-03 -3.824295e-05 9.999818e-01 8.791177e-02
-9.999304e-01 -9.810690e-05 -1.180234e-02 3.762463e-03 9.989220e-05 -1.000000e+00 -1.506784e-04 -1.756461e-04 -1.180232e-02 -1.518469e-04 9.999304e-01 1.811518e-01
-9.998429e-01 -1.739809e-04 -1.773004e-02 -3.598630e-05 1.801206e-04 -9.999999e-01 -3.446932e-04 -3.461604e-04 -1.772998e-02 -3.478326e-04 9.998428e-01 2.744666e-01
-9.996407e-01 -2.372149e-04 -2.680654e-02 -1.172127e-02 2.528653e-04 -9.999998e-01 -5.804396e-04 -6.073461e-04 -2.680640e-02 -5.870096e-04 9.996406e-01 3.810869e-01
-9.985429e-01 -3.178413e-04 -5.396353e-02 -6.502657e-02 5.931100e-04 -9.999869e-01 -5.085077e-03 -2.904852e-03 -5.396120e-02 -5.109674e-03 9.985300e-01 5.555490e-01
-9.977869e-01 -2.816235e-04 -6.649406e-02 -8.365014e-02 6.367470e-04 -9.999856e-01 -5.319549e-03 -3.725023e-03 -6.649161e-02 -5.350116e-03 9.977728e-01 6.689125e-01
-9.964935e-01 -1.658927e-04 -8.367115e-02 -1.009250e-01 6.329610e-04 -9.999843e-01 -5.555695e-03 -4.961040e-03 -8.366892e-02 -5.589175e-03 9.964781e-01 8.134774e-01
-9.947136e-01 -4.407916e-05 -1.026887e-01 -1.316744e-01 6.439353e-04 -9.999829e-01 -5.808360e-03 -6.569873e-03 -1.026867e-01 -5.843780e-03 9.946967e-01 9.782261e-01
-9.899832e-01 2.093429e-03 -1.411702e-01 -1.980134e-01 -1.193807e-03 -9.999784e-01 -6.456989e-03 -1.668086e-02 -1.411807e-01 -6.223780e-03 9.899644e-01 1.247232e+00
-9.864383e-01 1.835038e-03 -1.641229e-01 -2.457369e-01 -7.186274e-04 -9.999762e-01 -6.861397e-03 -1.926752e-02 -1.641316e-01 -6.650401e-03 9.864162e-01 1.436588e+00
-9.818764e-01 1.462915e-03 -1.895171e-01 -2.965098e-01 -7.783069e-05 -9.999733e-01 -7.315727e-03 -2.208770e-02 -1.895227e-01 -7.168390e-03 9.818503e-01 1.626413e+00
-9.764877e-01 1.095004e-03 -2.155707e-01 -3.533994e-01 5.956470e-04 -9.999696e-01 -7.777556e-03 -2.512519e-02 -2.155726e-01 -7.723092e-03 9.764574e-01 1.825424e+00
-9.677829e-01 -8.879839e-03 -2.516301e-01 -4.662148e-01 1.193292e-02 -9.998725e-01 -1.060991e-02 -4.095312e-02 -2.515038e-01 -1.327077e-02 9.677654e-01 2.023010e+00
-9.600484e-01 -9.335712e-03 -2.796786e-01 -5.437543e-01 1.283392e-02 -9.998606e-01 -1.067932e-02 -4.444839e-02 -2.795399e-01 -1.384204e-02 9.600344e-01 2.211788e+00
-9.512299e-01 -9.851013e-03 -3.083261e-01 -6.239364e-01 1.381342e-02 -9.998477e-01 -1.067126e-02 -4.805603e-02 -3.081740e-01 -1.440985e-02 9.512210e-01 2.395045e+00
-9.411322e-01 -1.043574e-02 -3.378780e-01 -7.133149e-01 1.490040e-02 -9.998326e-01 -1.062291e-02 -5.158857e-02 -3.377106e-01 -1.503208e-02 9.411301e-01 2.572880e+00
-9.233419e-01 -1.683902e-02 -3.836096e-01 -8.675228e-01 2.157968e-02 -9.997347e-01 -8.057351e-03 -5.797627e-02 -3.833722e-01 -1.571786e-02 9.234603e-01 2.788639e+00
-9.095545e-01 -1.743364e-02 -4.152190e-01 -9.806115e-01 2.269293e-02 -9.997125e-01 -7.735271e-03 -6.064725e-02 -4.149648e-01 -1.645819e-02 9.096887e-01 2.980359e+00
-8.941507e-01 -1.773118e-02 -4.474150e-01 -1.107246e+00 2.354937e-02 -9.996949e-01 -7.444806e-03 -6.263978e-02 -4.471465e-01 -1.719312e-02 8.942956e-01 3.159900e+00
-8.761984e-01 -1.774930e-02 -4.816240e-01 -1.246999e+00 2.416003e-02 -9.996828e-01 -7.112008e-03 -6.493504e-02 -4.813450e-01 -1.786758e-02 8.763493e-01 3.352427e+00
-8.469456e-01 -9.582703e-03 -5.315934e-01 -1.431058e+00 1.769127e-02 -9.997919e-01 -1.016347e-02 -5.205334e-02 -5.313854e-01 -1.801246e-02 8.469388e-01 3.608030e+00
-8.204242e-01 -9.874124e-03 -5.716702e-01 -1.600738e+00 1.872637e-02 -9.997785e-01 -9.606293e-03 -5.603436e-02 -5.714487e-01 -1.858654e-02 8.204274e-01 3.791839e+00
-7.917326e-01 -1.024854e-02 -6.107820e-01 -1.802690e+00 1.985322e-02 -9.997628e-01 -8.959563e-03 -5.998390e-02 -6.105453e-01 -1.921957e-02 7.917482e-01 3.976269e+00
-7.608740e-01 -1.050030e-02 -6.488149e-01 -2.012691e+00 2.089523e-02 -9.997470e-01 -8.324400e-03 -6.352650e-02 -6.485633e-01 -1.989095e-02 7.609009e-01 4.152442e+00
-7.125232e-01 -1.698683e-02 -7.014430e-01 -2.240320e+00 2.573193e-02 -9.996670e-01 -1.929482e-03 -7.230037e-02 -7.011767e-01 -1.942428e-02 7.127231e-01 4.354712e+00
-6.732224e-01 -1.674960e-02 -7.392505e-01 -2.456647e+00 2.587783e-02 -9.996647e-01 -9.165357e-04 -7.443210e-02 -7.389873e-01 -1.974723e-02 6.734300e-01 4.530080e+00
-6.306748e-01 -1.646761e-02 -7.758726e-01 -2.700741e+00 2.585676e-02 -9.996656e-01 1.996470e-04 -7.614911e-02 -7.756165e-01 -1.993564e-02 6.308897e-01 4.694693e+00
-5.838683e-01 -1.618393e-02 -8.116872e-01 -2.963735e+00 2.565985e-02 -9.996697e-01 1.474225e-03 -7.738337e-02 -8.114430e-01 -1.996702e-02 5.840906e-01 4.846506e+00
-5.253394e-01 -8.378814e-03 -8.508517e-01 -3.304572e+00 1.211192e-02 -9.999238e-01 2.368574e-03 -7.897791e-02 -8.508067e-01 -9.061147e-03 5.254009e-01 4.992240e+00
-4.735452e-01 -8.208498e-03 -8.807314e-01 -3.610436e+00 1.177370e-02 -9.999262e-01 2.989008e-03 -8.016158e-02 -8.806909e-01 -8.954036e-03 4.736069e-01 5.125200e+00
-4.197314e-01 -8.131141e-03 -9.076120e-01 -3.941957e+00 1.138436e-02 -9.999284e-01 3.693411e-03 -8.118568e-02 -9.075770e-01 -8.782340e-03 4.197939e-01 5.255829e+00
-3.650631e-01 -8.145527e-03 -9.309472e-01 -4.280815e+00 1.098191e-02 -9.999298e-01 4.442642e-03 -8.189920e-02 -9.309181e-01 -8.601732e-03 3.651269e-01 5.355918e+00
-3.061684e-01 -1.327450e-02 -9.518849e-01 -4.657237e+00 8.766270e-03 -9.998997e-01 1.112446e-02 -7.908564e-02 -9.519371e-01 -4.938521e-03 3.062541e-01 5.408747e+00
-2.495535e-01 -1.347040e-02 -9.682674e-01 -5.031591e+00 7.755327e-03 -9.998990e-01 1.191166e-02 -7.726081e-02 -9.683300e-01 -4.536633e-03 2.496327e-01 5.488185e+00
-1.930576e-01 -1.371949e-02 -9.810916e-01 -5.407673e+00 6.642635e-03 -9.998976e-01 1.267534e-02 -7.548297e-02 -9.811651e-01 -4.069962e-03 1.931289e-01 5.540306e+00
-1.374832e-01 -1.404648e-02 -9.904046e-01 -5.790929e+00 5.673640e-03 -9.998942e-01 1.339348e-02 -7.363169e-02 -9.904879e-01 -3.777820e-03 1.375484e-01 5.589916e+00
-1.042974e-01 -1.829212e-02 -9.943780e-01 -6.238173e+00 3.245843e-03 -9.998318e-01 1.805200e-02 -8.047340e-02 -9.945409e-01 -1.344818e-03 1.043392e-01 5.577292e+00
-5.772083e-02 -1.854075e-02 -9.981607e-01 -6.651073e+00 2.414150e-03 -9.998272e-01 1.843210e-02 -7.561781e-02 -9.983299e-01 -1.345794e-03 5.775561e-02 5.574372e+00
-1.949631e-02 -1.864402e-02 -9.996362e-01 -7.089368e+00 1.734861e-03 -9.998252e-01 1.861371e-02 -7.009435e-02 -9.998085e-01 -1.371332e-03 1.952525e-02 5.569401e+00
1.768072e-02 -1.861016e-02 -9.996706e-01 -7.528596e+00 1.087113e-03 -9.998258e-01 1.863227e-02 -6.465002e-02 -9.998432e-01 -1.416187e-03 -1.765741e-02 5.549698e+00
2.571789e-02 -1.031385e-02 -9.996161e-01 -8.078279e+00 6.917270e-03 -9.999210e-01 1.049497e-02 -5.743604e-02 -9.996454e-01 -7.184524e-03 -2.564451e-02 5.553394e+00
5.437195e-02 -1.009261e-02 -9.984698e-01 -8.560551e+00 6.705023e-03 -9.999228e-01 1.047242e-02 -5.498337e-02 -9.984983e-01 -7.264169e-03 -5.430007e-02 5.527551e+00
7.708829e-02 -9.839037e-03 -9.969758e-01 -9.085003e+00 6.542076e-03 -9.999248e-01 1.037399e-02 -5.172754e-02 -9.970029e-01 -7.322005e-03 -7.701813e-02 5.482630e+00
9.753479e-02 -9.627562e-03 -9.951857e-01 -9.615607e+00 6.418416e-03 -9.999264e-01 1.030247e-02 -4.845460e-02 -9.952115e-01 -7.392365e-03 -9.746581e-02 5.433450e+00
8.705439e-02 -5.389831e-03 -9.961891e-01 -1.017263e+01 8.913778e-03 -9.999411e-01 6.189083e-03 -4.124696e-02 -9.961638e-01 -9.418594e-03 -8.700122e-02 5.372469e+00
1.033266e-01 -5.354406e-03 -9.946331e-01 -1.069831e+01 9.079730e-03 -9.999387e-01 6.326207e-03 -4.061106e-02 -9.946061e-01 -9.684666e-03 -1.032716e-01 5.325101e+00
1.114889e-01 -5.367319e-03 -9.937513e-01 -1.127207e+01 9.268954e-03 -9.999363e-01 6.440608e-03 -3.923409e-02 -9.937225e-01 -9.929092e-03 -1.114321e-01 5.244504e+00
1.171935e-01 -5.425615e-03 -9.930944e-01 -1.186311e+01 9.387417e-03 -9.999343e-01 6.570779e-03 -3.758479e-02 -9.930648e-01 -1.009264e-02 -1.171349e-01 5.166574e+00
9.356385e-02 -9.656294e-03 -9.955665e-01 -1.259693e+01 1.102519e-02 -9.998816e-01 1.073430e-02 -3.311351e-02 -9.955524e-01 -1.198065e-02 -9.344631e-02 5.122342e+00
9.474681e-02 -9.942221e-03 -9.954519e-01 -1.319674e+01 1.125610e-02 -9.998755e-01 1.105776e-02 -2.904346e-02 -9.954379e-01 -1.225260e-02 -9.462310e-02 5.059415e+00
9.535173e-02 -1.022099e-02 -9.953912e-01 -1.382883e+01 1.153578e-02 -9.998688e-01 1.137202e-02 -2.453033e-02 -9.953769e-01 -1.256695e-02 -9.522131e-02 4.995717e+00
9.503222e-02 -1.037341e-02 -9.954203e-01 -1.446073e+01 1.194842e-02 -9.998618e-01 1.156040e-02 -2.020662e-02 -9.954026e-01 -1.299231e-02 -9.489515e-02 4.935798e+00
8.342951e-02 -1.169336e-02 -9.964452e-01 -1.525180e+01 1.394140e-02 -9.998196e-01 1.290024e-02 -2.156995e-02 -9.964163e-01 -1.496810e-02 -8.325145e-02 4.877600e+00
8.426695e-02 -1.197072e-02 -9.963714e-01 -1.592371e+01 1.438709e-02 -9.998090e-01 1.322879e-02 -1.609052e-02 -9.963394e-01 -1.544964e-02 -8.407862e-02 4.828893e+00
8.483665e-02 -1.243368e-02 -9.963174e-01 -1.662150e+01 1.484324e-02 -9.997954e-01 1.374099e-02 -1.024067e-02 -9.962844e-01 -1.595432e-02 -8.463474e-02 4.770340e+00
8.555782e-02 -1.300444e-02 -9.962484e-01 -1.731927e+01 1.739840e-02 -9.997429e-01 1.454423e-02 -1.036290e-02 -9.961814e-01 -1.857750e-02 -8.530955e-02 4.710968e+00
7.778296e-02 -2.104938e-02 -9.967481e-01 -1.815930e+01 1.730139e-02 -9.995980e-01 2.245971e-02 4.627355e-03 -9.968203e-01 -1.899212e-02 -7.738751e-02 4.638681e+00
7.849407e-02 -2.147169e-02 -9.966834e-01 -1.889539e+01 1.982433e-02 -9.995368e-01 2.309443e-02 1.159225e-02 -9.967176e-01 -2.157135e-02 -7.803204e-02 4.583064e+00
7.812293e-02 -2.187010e-02 -9.967040e-01 -1.965434e+01 2.234644e-02 -9.994698e-01 2.368234e-02 1.986507e-02 -9.966934e-01 -2.412292e-02 -7.759278e-02 4.526766e+00
7.813483e-02 -2.238691e-02 -9.966916e-01 -2.043059e+01 2.466526e-02 -9.993984e-01 2.438133e-02 2.899234e-02 -9.966377e-01 -2.648869e-02 -7.753564e-02 4.467798e+00
7.132023e-02 -1.899785e-02 -9.972727e-01 -2.130591e+01 1.995483e-02 -9.995914e-01 2.046909e-02 4.617720e-02 -9.972540e-01 -2.136026e-02 -7.091198e-02 4.388262e+00
6.969060e-02 -1.965155e-02 -9.973752e-01 -2.208843e+01 2.191981e-02 -9.995344e-01 2.122572e-02 5.291599e-02 -9.973279e-01 -2.334151e-02 -6.922739e-02 4.335368e+00
6.855993e-02 -2.004729e-02 -9.974457e-01 -2.287086e+01 2.374672e-02 -9.994820e-01 2.172046e-02 6.003066e-02 -9.973645e-01 -2.517521e-02 -6.804836e-02 4.284289e+00
6.683134e-02 -2.012019e-02 -9.975615e-01 -2.364810e+01 2.562148e-02 -9.994323e-01 2.187442e-02 6.745638e-02 -9.974354e-01 -2.702090e-02 -6.627789e-02 4.222137e+00
6.579388e-02 -1.097776e-02 -9.977729e-01 -2.453484e+01 1.429418e-02 -9.998265e-01 1.194292e-02 7.421472e-02 -9.977310e-01 -1.504812e-02 -6.562555e-02 4.151295e+00
6.357487e-02 -1.089228e-02 -9.979177e-01 -2.533965e+01 1.590005e-02 -9.998025e-01 1.192580e-02 7.449494e-02 -9.978505e-01 -1.662512e-02 -6.338913e-02 4.104837e+00
6.261484e-02 -1.116250e-02 -9.979755e-01 -2.618255e+01 1.748393e-02 -9.997717e-01 1.227956e-02 7.518327e-02 -9.978848e-01 -1.821742e-02 -6.240538e-02 4.050962e+00
6.261040e-02 -1.183391e-02 -9.979681e-01 -2.702010e+01 1.913359e-02 -9.997317e-01 1.305523e-02 7.569743e-02 -9.978548e-01 -1.991211e-02 -6.236718e-02 3.998641e+00
6.913611e-02 -2.270108e-02 -9.973491e-01 -2.790528e+01 1.754329e-02 -9.995587e-01 2.396747e-02 1.029356e-01 -9.974531e-01 -1.915380e-02 -6.870736e-02 3.914740e+00
6.875461e-02 -2.363659e-02 -9.973537e-01 -2.875394e+01 1.920729e-02 -9.995026e-01 2.501162e-02 1.124419e-01 -9.974488e-01 -2.087613e-02 -6.826642e-02 3.863393e+00
6.939474e-02 -2.436562e-02 -9.972918e-01 -2.959774e+01 2.078930e-02 -9.994493e-01 2.586491e-02 1.227533e-01 -9.973728e-01 -2.252788e-02 -6.884999e-02 3.802346e+00
7.007185e-02 -2.498392e-02 -9.972292e-01 -3.045108e+01 2.224840e-02 -9.993985e-01 2.660159e-02 1.336669e-01 -9.972939e-01 -2.405078e-02 -6.947386e-02 3.746581e+00
7.049818e-02 -2.265481e-02 -9.972548e-01 -3.127502e+01 1.934252e-02 -9.995230e-01 2.407371e-02 1.364584e-01 -9.973245e-01 -2.098658e-02 -7.002635e-02 3.650095e+00
7.170834e-02 -2.336430e-02 -9.971521e-01 -3.210007e+01 2.084499e-02 -9.994721e-01 2.491769e-02 1.454260e-01 -9.972079e-01 -2.257243e-02 -7.118347e-02 3.576576e+00
7.233385e-02 -2.393093e-02 -9.970934e-01 -3.292581e+01 2.232281e-02 -9.994228e-01 2.560624e-02 1.547974e-01 -9.971308e-01 -2.411013e-02 -7.175790e-02 3.511822e+00
7.307052e-02 -2.420746e-02 -9.970331e-01 -3.375808e+01 2.371489e-02 -9.993806e-01 2.600247e-02 1.653091e-01 -9.970449e-01 -2.554455e-02 -7.245117e-02 3.436512e+00
7.228308e-02 -1.948899e-02 -9.971938e-01 -3.458103e+01 2.109152e-02 -9.995556e-01 2.106400e-02 1.749953e-01 -9.971613e-01 -2.255490e-02 -7.183991e-02 3.384550e+00
7.298968e-02 -1.964801e-02 -9.971393e-01 -3.541515e+01 2.228036e-02 -9.995243e-01 2.132590e-02 1.813577e-01 -9.970840e-01 -2.377319e-02 -7.251719e-02 3.325025e+00
7.388897e-02 -1.991599e-02 -9.970677e-01 -3.623546e+01 2.338555e-02 -9.994910e-01 2.169741e-02 1.873594e-01 -9.969923e-01 -2.492017e-02 -7.338563e-02 3.264941e+00
7.467998e-02 -2.042995e-02 -9.969984e-01 -3.704820e+01 2.447965e-02 -9.994513e-01 2.231385e-02 1.939032e-01 -9.969071e-01 -2.607257e-02 -7.413889e-02 3.192394e+00
6.832426e-02 -2.451517e-02 -9.973620e-01 -3.791819e+01 2.555316e-02 -9.993271e-01 2.631399e-02 2.065613e-01 -9.973360e-01 -2.728363e-02 -6.765185e-02 3.140006e+00
6.781935e-02 -2.541431e-02 -9.973741e-01 -3.875292e+01 2.656680e-02 -9.992750e-01 2.726924e-02 2.173069e-01 -9.973440e-01 -2.834642e-02 -6.709500e-02 3.067332e+00
6.712394e-02 -2.624493e-02 -9.973996e-01 -3.956891e+01 2.740066e-02 -9.992284e-01 2.813709e-02 2.276189e-01 -9.973685e-01 -2.921807e-02 -6.635302e-02 3.013432e+00
6.753852e-02 -2.683034e-02 -9.973559e-01 -4.039325e+01 2.822116e-02 -9.991870e-01 2.879066e-02 2.386042e-01 -9.973176e-01 -3.009102e-02 -6.672643e-02 2.956597e+00
6.823728e-02 -2.828039e-02 -9.972683e-01 -4.127204e+01 2.381534e-02 -9.992672e-01 2.996662e-02 2.575537e-01 -9.973850e-01 -2.579512e-02 -6.751376e-02 2.907981e+00
6.797212e-02 -2.847902e-02 -9.972808e-01 -4.209413e+01 2.481113e-02 -9.992351e-01 3.022590e-02 2.700661e-01 -9.973788e-01 -2.679818e-02 -6.721354e-02 2.832452e+00
6.772801e-02 -2.859967e-02 -9.972939e-01 -4.291621e+01 2.588188e-02 -9.992023e-01 3.041208e-02 2.827629e-01 -9.973682e-01 -2.787159e-02 -6.693377e-02 2.756728e+00
6.671268e-02 -2.866185e-02 -9.973605e-01 -4.372842e+01 2.679730e-02 -9.991753e-01 3.050645e-02 2.947795e-01 -9.974124e-01 -2.876174e-02 -6.588960e-02 2.688608e+00
6.852710e-02 -1.727526e-02 -9.974998e-01 -4.456696e+01 2.980640e-02 -9.993683e-01 1.935529e-02 2.841107e-01 -9.972041e-01 -3.105824e-02 -6.796890e-02 2.640167e+00
6.940265e-02 -1.713216e-02 -9.974417e-01 -4.539396e+01 3.018695e-02 -9.993586e-01 1.926552e-02 2.874198e-01 -9.971320e-01 -3.144681e-02 -6.884096e-02 2.578776e+00
6.783462e-02 -1.721501e-02 -9.975482e-01 -4.621031e+01 3.055549e-02 -9.993463e-01 1.932385e-02 2.899975e-01 -9.972287e-01 -3.179139e-02 -6.726426e-02 2.527763e+00
6.986349e-02 -1.761803e-02 -9.974011e-01 -4.703759e+01 3.071051e-02 -9.993321e-01 1.980327e-02 2.929439e-01 -9.970838e-01 -3.201422e-02 -6.927577e-02 2.475081e+00
7.694443e-02 -2.317227e-02 -9.967661e-01 -4.787366e+01 2.211238e-02 -9.994443e-01 2.494148e-02 3.077037e-01 -9.967902e-01 -2.395998e-02 -7.638928e-02 2.409942e+00
7.890073e-02 -2.371889e-02 -9.966004e-01 -4.869718e+01 2.212258e-02 -9.994290e-01 2.553765e-02 3.149894e-01 -9.966371e-01 -2.406232e-02 -7.833096e-02 2.349702e+00
8.076417e-02 -2.405391e-02 -9.964430e-01 -4.951736e+01 2.228707e-02 -9.994153e-01 2.593207e-02 3.227257e-01 -9.964841e-01 -2.430218e-02 -8.018086e-02 2.281553e+00
8.283952e-02 -2.421453e-02 -9.962687e-01 -5.032534e+01 2.268078e-02 -9.994000e-01 2.617653e-02 3.308604e-01 -9.963049e-01 -2.476460e-02 -8.224060e-02 2.197506e+00
8.201388e-02 -1.803689e-02 -9.964681e-01 -5.108926e+01 2.668271e-02 -9.994381e-01 2.028676e-02 3.190714e-01 -9.962741e-01 -2.825227e-02 -8.148653e-02 2.113400e+00
8.437847e-02 -1.817871e-02 -9.962681e-01 -5.189653e+01 2.737193e-02 -9.994140e-01 2.055437e-02 3.230580e-01 -9.960579e-01 -2.900413e-02 -8.383144e-02 2.027730e+00
8.702970e-02 -1.838183e-02 -9.960362e-01 -5.269633e+01 2.800658e-02 -9.993894e-01 2.089082e-02 3.268293e-01 -9.958121e-01 -2.971369e-02 -8.646175e-02 1.949139e+00
8.834302e-02 -1.857981e-02 -9.959170e-01 -5.348272e+01 2.872086e-02 -9.993628e-01 2.119179e-02 3.303537e-01 -9.956761e-01 -3.047573e-02 -8.775310e-02 1.873993e+00
8.564859e-02 -1.929163e-02 -9.961388e-01 -5.423592e+01 3.379371e-02 -9.991810e-01 2.225615e-02 3.442663e-01 -9.957523e-01 -3.556943e-02 -8.492650e-02 1.824156e+00
8.538024e-02 -1.954842e-02 -9.961568e-01 -5.501991e+01 3.450719e-02 -9.991497e-01 2.256475e-02 3.490022e-01 -9.957508e-01 -3.630116e-02 -8.463307e-02 1.748886e+00
8.544605e-02 -1.996006e-02 -9.961429e-01 -5.580212e+01 3.515974e-02 -9.991162e-01 2.303553e-02 3.537901e-01 -9.957223e-01 -3.699242e-02 -8.466875e-02 1.674552e+00
8.751665e-02 -2.056482e-02 -9.959509e-01 -5.656944e+01 3.572998e-02 -9.990788e-01 2.376908e-02 3.587038e-01 -9.955221e-01 -3.766550e-02 -8.670127e-02 1.596611e+00
8.784068e-02 -2.854297e-02 -9.957256e-01 -5.732009e+01 3.452676e-02 -9.989015e-01 3.167989e-02 3.784949e-01 -9.955361e-01 -3.716196e-02 -8.675870e-02 1.537403e+00
8.971332e-02 -2.917364e-02 -9.955404e-01 -5.809041e+01 3.494745e-02 -9.988632e-01 3.242031e-02 3.900659e-01 -9.953544e-01 -3.770014e-02 -8.859178e-02 1.456985e+00
8.964764e-02 -2.967222e-02 -9.955316e-01 -5.885411e+01 3.529562e-02 -9.988336e-01 3.294901e-02 4.018739e-01 -9.953480e-01 -3.809170e-02 -8.849578e-02 1.373319e+00
8.970407e-02 -2.995444e-02 -9.955180e-01 -5.958419e+01 3.559227e-02 -9.988127e-01 3.326073e-02 4.121450e-01 -9.953324e-01 -3.841637e-02 -8.853143e-02 1.309467e+00
8.715615e-02 -2.520532e-02 -9.958758e-01 -6.028820e+01 2.972981e-02 -9.991688e-01 2.789053e-02 4.098438e-01 -9.957510e-01 -3.203803e-02 -8.633434e-02 1.281981e+00
8.732469e-02 -2.525049e-02 -9.958600e-01 -6.101735e+01 2.994394e-02 -9.991604e-01 2.795989e-02 4.161300e-01 -9.957299e-01 -3.226155e-02 -8.649527e-02 1.218360e+00
8.543427e-02 -2.527528e-02 -9.960233e-01 -6.172075e+01 3.033807e-02 -9.991486e-01 2.795685e-02 4.219410e-01 -9.958819e-01 -3.260589e-02 -8.459473e-02 1.149017e+00
8.369187e-02 -2.535889e-02 -9.961691e-01 -6.241801e+01 3.076157e-02 -9.991340e-01 2.801876e-02 4.276212e-01 -9.960169e-01 -3.298867e-02 -8.283931e-02 1.072823e+00
7.501933e-02 -2.098614e-02 -9.969613e-01 -6.300074e+01 3.299372e-02 -9.991789e-01 2.351553e-02 4.215628e-01 -9.966362e-01 -3.465758e-02 -7.426532e-02 1.036638e+00
6.859817e-02 -2.124604e-02 -9.974182e-01 -6.364772e+01 3.332706e-02 -9.991664e-01 2.357537e-02 4.221490e-01 -9.970877e-01 -3.485825e-02 -6.783292e-02 9.797929e-01
6.181941e-02 -2.159382e-02 -9.978539e-01 -6.428338e+01 3.375545e-02 -9.991488e-01 2.371307e-02 4.219242e-01 -9.975165e-01 -3.514893e-02 -6.103787e-02 9.353792e-01
5.216355e-02 -2.203157e-02 -9.983956e-01 -6.490592e+01 3.424621e-02 -9.991291e-01 2.383703e-02 4.211400e-01 -9.980512e-01 -3.543469e-02 -5.136362e-02 8.978804e-01
3.135436e-02 -2.776575e-02 -9.991227e-01 -6.550014e+01 3.521874e-02 -9.989627e-01 2.886653e-02 4.348373e-01 -9.988877e-01 -3.609293e-02 -3.034396e-02 8.990506e-01
1.453097e-02 -2.831333e-02 -9.994936e-01 -6.609263e+01 3.596376e-02 -9.989375e-01 2.882043e-02 4.362750e-01 -9.992475e-01 -3.636434e-02 -1.349728e-02 8.842239e-01
-5.585915e-03 -2.888332e-02 -9.995673e-01 -6.666548e+01 3.670624e-02 -9.989151e-01 2.865934e-02 4.370189e-01 -9.993106e-01 -3.653026e-02 6.640051e-03 8.798320e-01
-3.004045e-02 -2.944083e-02 -9.991151e-01 -6.720219e+01 3.751144e-02 -9.988952e-01 2.830649e-02 4.365166e-01 -9.988447e-01 -3.662790e-02 3.111163e-02 8.928214e-01
-6.801257e-02 -3.240162e-02 -9.971583e-01 -6.768432e+01 3.958222e-02 -9.987732e-01 2.975434e-02 4.644880e-01 -9.968991e-01 -3.744607e-02 6.921167e-02 9.295171e-01
-9.879471e-02 -3.289745e-02 -9.945640e-01 -6.817835e+01 4.028479e-02 -9.987663e-01 2.903478e-02 4.632713e-01 -9.942922e-01 -3.719732e-02 9.999810e-02 9.791090e-01
-1.334499e-01 -3.336371e-02 -9.904939e-01 -6.863089e+01 4.101083e-02 -9.987630e-01 2.811683e-02 4.600071e-01 -9.902067e-01 -3.686879e-02 1.346531e-01 1.063768e+00
-1.712587e-01 -3.378367e-02 -9.846468e-01 -6.906633e+01 4.170494e-02 -9.987647e-01 2.701436e-02 4.563337e-01 -9.843431e-01 -3.643819e-02 1.724561e-01 1.155603e+00
-2.245436e-01 -3.318411e-02 -9.738989e-01 -6.953407e+01 3.544986e-02 -9.990366e-01 2.586727e-02 4.829639e-01 -9.738191e-01 -2.871625e-02 2.255037e-01 1.253425e+00
-2.692592e-01 -3.351121e-02 -9.624847e-01 -6.994313e+01 3.593890e-02 -9.990479e-01 2.473019e-02 4.782416e-01 -9.623971e-01 -2.793181e-02 2.702072e-01 1.394966e+00
-3.143381e-01 -3.353247e-02 -9.487188e-01 -7.034817e+01 3.595161e-02 -9.990795e-01 2.340065e-02 4.734772e-01 -9.486302e-01 -2.675225e-02 3.152543e-01 1.550525e+00
-3.604729e-01 -3.326814e-02 -9.321763e-01 -7.076716e+01 3.565648e-02 -9.991248e-01 2.186906e-02 4.689414e-01 -9.320880e-01 -2.535492e-02 3.613437e-01 1.727795e+00
-4.240324e-01 -2.341712e-02 -9.053444e-01 -7.115385e+01 1.624268e-02 -9.997015e-01 1.825019e-02 4.897779e-01 -9.055015e-01 -6.966546e-03 4.242862e-01 1.960408e+00
-4.708127e-01 -2.283588e-02 -8.819377e-01 -7.150996e+01 1.552720e-02 -9.997246e-01 1.759670e-02 4.834460e-01 -8.820966e-01 -5.409274e-03 4.710377e-01 2.188580e+00
-5.172240e-01 -2.215731e-02 -8.555634e-01 -7.183788e+01 1.474785e-02 -9.997471e-01 1.697567e-02 4.772691e-01 -8.557231e-01 -3.837498e-03 5.174199e-01 2.433660e+00
-5.609801e-01 -2.127883e-02 -8.275559e-01 -7.217853e+01 1.360719e-02 -9.997715e-01 1.648300e-02 4.720713e-01 -8.277175e-01 -2.014076e-03 5.611414e-01 2.699840e+00
-6.110709e-01 -1.392154e-02 -7.914536e-01 -7.253516e+01 3.959519e-04 -9.998506e-01 1.728150e-02 5.162543e-01 -7.915760e-01 1.024685e-02 6.109851e-01 3.001216e+00
-6.510276e-01 -1.237980e-02 -7.589533e-01 -7.283297e+01 -1.277095e-03 -9.998477e-01 1.740468e-02 5.115628e-01 -7.590531e-01 1.230018e-02 6.509126e-01 3.308281e+00
-6.896797e-01 -1.059440e-02 -7.240372e-01 -7.311295e+01 -2.746955e-03 -9.998475e-01 1.724676e-02 5.071023e-01 -7.241095e-01 1.388364e-02 6.895453e-01 3.623106e+00
-7.275524e-01 -8.526863e-03 -6.859994e-01 -7.336817e+01 -3.949975e-03 -9.998541e-01 1.661726e-02 5.028367e-01 -6.860410e-01 1.479961e-02 7.274126e-01 3.946681e+00
-7.685712e-01 7.547193e-03 -6.397200e-01 -7.366882e+01 -6.965719e-03 -9.999699e-01 -3.428554e-03 4.987808e-01 -6.397266e-01 1.821021e-03 7.686006e-01 4.249903e+00
-8.029191e-01 9.552437e-03 -5.960117e-01 -7.389911e+01 -8.760226e-03 -9.999527e-01 -4.225140e-03 4.874064e-01 -5.960239e-01 1.828752e-03 8.029648e-01 4.620129e+00
-8.349223e-01 1.151000e-02 -5.502477e-01 -7.410760e+01 -1.052381e-02 -9.999324e-01 -4.948053e-03 4.764731e-01 -5.502675e-01 1.659465e-03 8.349869e-01 5.003273e+00
-8.646290e-01 1.323587e-02 -5.022368e-01 -7.432940e+01 -1.207035e-02 -9.999116e-01 -5.571712e-03 4.651581e-01 -5.022662e-01 1.244712e-03 8.647123e-01 5.420937e+00
-8.952582e-01 9.210520e-03 -4.454528e-01 -7.461280e+01 -1.203475e-03 -9.998326e-01 -1.825459e-02 4.760470e-01 -4.455464e-01 -1.580648e-02 8.951194e-01 5.915283e+00
-9.174604e-01 1.035317e-02 -3.976925e-01 -7.480750e+01 -2.992527e-03 -9.998126e-01 -1.912459e-02 4.576564e-01 -3.978160e-01 -1.635595e-02 9.173195e-01 6.385629e+00
-9.350654e-01 1.114636e-02 -3.543002e-01 -7.499977e+01 -4.359841e-03 -9.997915e-01 -1.994721e-02 4.386332e-01 -3.544487e-01 -1.710726e-02 9.349191e-01 6.890437e+00
-9.496117e-01 1.159965e-02 -3.132146e-01 -7.516706e+01 -5.421874e-03 -9.997733e-01 -2.058763e-02 4.195423e-01 -3.133824e-01 -1.785204e-02 9.494593e-01 7.411927e+00
-9.582156e-01 -9.493751e-03 -2.858897e-01 -7.538589e+01 1.461750e-02 -9.997684e-01 -1.579338e-02 4.319033e-01 -2.856735e-01 -1.931245e-02 9.581325e-01 8.054774e+00
-9.681442e-01 -9.152156e-03 -2.502262e-01 -7.552853e+01 1.381821e-02 -9.997618e-01 -1.689688e-02 4.146911e-01 -2.500120e-01 -1.981629e-02 9.680400e-01 8.604244e+00
-9.754730e-01 -8.877858e-03 -2.199402e-01 -7.565958e+01 1.309619e-02 -9.997571e-01 -1.772882e-02 3.967635e-01 -2.197294e-01 -2.017437e-02 9.753523e-01 9.172948e+00
-9.812437e-01 -8.695042e-03 -1.925755e-01 -7.578621e+01 1.245514e-02 -9.997545e-01 -1.832331e-02 3.784605e-01 -1.923689e-01 -2.037819e-02 9.811112e-01 9.748999e+00
-9.778858e-01 -1.175037e-02 -2.088097e-01 -7.597482e+01 1.358938e-02 -9.998805e-01 -7.374687e-03 3.943981e-01 -2.086980e-01 -1.004920e-02 9.779286e-01 1.049712e+01
-9.817260e-01 -1.193600e-02 -1.899258e-01 -7.611317e+01 1.363745e-02 -9.998777e-01 -7.654007e-03 3.821621e-01 -1.898112e-01 -1.010424e-02 9.817687e-01 1.110923e+01
-9.846413e-01 -1.200708e-02 -1.741768e-01 -7.623251e+01 1.358667e-02 -9.998766e-01 -7.879347e-03 3.695193e-01 -1.740607e-01 -1.012481e-02 9.846830e-01 1.174954e+01
-9.869815e-01 -1.205208e-02 -1.603823e-01 -7.634337e+01 1.351983e-02 -9.998761e-01 -8.063456e-03 3.567666e-01 -1.602652e-01 -1.012682e-02 9.870222e-01 1.240015e+01
-9.867432e-01 -1.826882e-02 -1.612586e-01 -7.648253e+01 1.924081e-02 -9.998049e-01 -4.467873e-03 3.677314e-01 -1.611455e-01 -7.511389e-03 9.869022e-01 1.315755e+01
-9.890459e-01 -1.831551e-02 -1.464683e-01 -7.658864e+01 1.920542e-02 -9.998047e-01 -4.663846e-03 3.572307e-01 -1.463543e-01 -7.425742e-03 9.892044e-01 1.384817e+01
-9.910782e-01 -1.831681e-02 -1.320176e-01 -7.667504e+01 1.913662e-02 -9.998047e-01 -4.943694e-03 3.462263e-01 -1.319013e-01 -7.425959e-03 9.912352e-01 1.455401e+01
-9.929041e-01 -1.829619e-02 -1.175027e-01 -7.675079e+01 1.906661e-02 -9.998035e-01 -5.435804e-03 3.350100e-01 -1.173802e-01 -7.637612e-03 9.930578e-01 1.526043e+01
-9.936140e-01 -1.929710e-02 -1.111717e-01 -7.684654e+01 2.054671e-02 -9.997378e-01 -1.010559e-02 3.268929e-01 -1.109475e-01 -1.232527e-02 9.937499e-01 1.604017e+01
-9.946222e-01 -1.949628e-02 -1.017196e-01 -7.692933e+01 2.069098e-02 -9.997286e-01 -1.070311e-02 3.121323e-01 -1.014833e-01 -1.275023e-02 9.947556e-01 1.676088e+01
-9.953847e-01 -1.976564e-02 -9.390932e-02 -7.699953e+01 2.088117e-02 -9.997224e-01 -1.091097e-02 2.965372e-01 -9.366760e-02 -1.282154e-02 9.955211e-01 1.749765e+01
-9.959515e-01 -2.029692e-02 -8.757216e-02 -7.708178e+01 2.131160e-02 -9.997160e-01 -1.066730e-02 2.807721e-01 -8.733077e-02 -1.249041e-02 9.961011e-01 1.825185e+01
-9.958782e-01 -2.815362e-02 -8.622178e-02 -7.719404e+01 2.851509e-02 -9.995890e-01 -2.963287e-03 2.812054e-01 -8.610292e-02 -5.409694e-03 9.962717e-01 1.913371e+01
-9.962803e-01 -2.857551e-02 -8.129823e-02 -7.726926e+01 2.887875e-02 -9.995797e-01 -2.556365e-03 2.710226e-01 -8.119100e-02 -4.894647e-03 9.966866e-01 1.988207e+01
-9.966182e-01 -2.914163e-02 -7.683221e-02 -7.734080e+01 2.939510e-02 -9.995655e-01 -2.170067e-03 2.606018e-01 -7.673559e-02 -4.421219e-03 9.970418e-01 2.062505e+01
-9.968128e-01 -2.972073e-02 -7.403574e-02 -7.740138e+01 2.992381e-02 -9.995508e-01 -1.635125e-03 2.501854e-01 -7.395389e-02 -3.845344e-03 9.972544e-01 2.136760e+01
-9.966186e-01 -2.855822e-02 -7.704488e-02 -7.743745e+01 2.851253e-02 -9.995920e-01 1.693197e-03 2.329487e-01 -7.706179e-02 -5.092730e-04 9.970263e-01 2.220280e+01
-9.968092e-01 -2.888054e-02 -7.441404e-02 -7.749737e+01 2.878183e-02 -9.995828e-01 2.398677e-03 2.250752e-01 -7.445228e-02 2.492507e-04 9.972247e-01 2.297099e+01
-9.968457e-01 -2.911632e-02 -7.383117e-02 -7.755246e+01 2.897717e-02 -9.995757e-01 2.955416e-03 2.172407e-01 -7.388590e-02 8.066756e-04 9.972665e-01 2.374190e+01
-9.967858e-01 -2.954309e-02 -7.446834e-02 -7.761446e+01 2.938726e-02 -9.995630e-01 3.187562e-03 2.097445e-01 -7.452996e-02 9.888960e-04 9.972184e-01 2.451225e+01
-9.972287e-01 -2.547214e-02 -6.990212e-02 -7.766989e+01 2.583021e-02 -9.996574e-01 -4.223182e-03 1.805709e-01 -6.977060e-02 -6.017065e-03 9.975450e-01 2.525681e+01
-9.972937e-01 -2.596646e-02 -6.878412e-02 -7.772220e+01 2.634426e-02 -9.996424e-01 -4.591140e-03 1.674978e-01 -6.864031e-02 -6.390783e-03 9.976212e-01 2.602205e+01
-9.973416e-01 -2.651344e-02 -6.787495e-02 -7.778453e+01 2.690532e-02 -9.996262e-01 -4.865731e-03 1.545717e-01 -6.772057e-02 -6.678993e-03 9.976821e-01 2.678989e+01
-9.974564e-01 -2.725873e-02 -6.586429e-02 -7.784358e+01 2.764239e-02 -9.996058e-01 -4.920508e-03 1.411323e-01 -6.570420e-02 -6.728638e-03 9.978166e-01 2.755398e+01
-9.976671e-01 -3.216782e-02 -6.021443e-02 -7.789809e+01 3.278631e-02 -9.994190e-01 -9.311548e-03 1.083937e-01 -5.987990e-02 -1.126403e-02 9.981421e-01 2.829008e+01
-9.977078e-01 -3.296041e-02 -5.910150e-02 -7.793484e+01 3.354731e-02 -9.993969e-01 -8.965711e-03 9.078988e-02 -5.877034e-02 -1.092786e-02 9.982118e-01 2.905156e+01
-9.977183e-01 -3.356219e-02 -5.858285e-02 -7.797737e+01 3.412267e-02 -9.993807e-01 -8.593041e-03 7.332732e-02 -5.825816e-02 -1.057244e-02 9.982457e-01 2.981393e+01
-9.976954e-01 -3.413041e-02 -5.864523e-02 -7.802475e+01 3.466883e-02 -9.993653e-01 -8.187981e-03 5.613393e-02 -5.832855e-02 -1.020227e-02 9.982454e-01 3.056820e+01
-9.980084e-01 -3.004497e-02 -5.546718e-02 -7.807361e+01 3.028530e-02 -9.995351e-01 -3.497125e-03 5.606400e-02 -5.533632e-02 -5.170000e-03 9.984545e-01 3.131030e+01
-9.980066e-01 -3.048362e-02 -5.525918e-02 -7.811086e+01 3.070953e-02 -9.995230e-01 -3.243611e-03 4.276608e-02 -5.513395e-02 -4.934129e-03 9.984668e-01 3.203754e+01
-9.980165e-01 -3.090124e-02 -5.484865e-02 -7.814904e+01 3.111274e-02 -9.995113e-01 -3.006129e-03 2.954662e-02 -5.472896e-02 -4.706657e-03 9.984902e-01 3.278198e+01
-9.980217e-01 -3.138145e-02 -5.447877e-02 -7.819049e+01 3.157731e-02 -9.994976e-01 -2.738032e-03 1.659991e-02 -5.436548e-02 -4.452908e-03 9.985113e-01 3.352016e+01
-9.982358e-01 -2.726094e-02 -5.274750e-02 -7.824273e+01 2.753740e-02 -9.996105e-01 -4.521341e-03 -5.663141e-03 -5.260370e-02 -5.965893e-03 9.985977e-01 3.436554e+01
-9.982370e-01 -2.768763e-02 -5.250309e-02 -7.827525e+01 2.795171e-02 -9.996000e-01 -4.302021e-03 -1.978623e-02 -5.236298e-02 -5.761988e-03 9.986116e-01 3.514035e+01
-9.982175e-01 -2.806666e-02 -5.267150e-02 -7.832275e+01 2.831858e-02 -9.995908e-01 -4.042546e-03 -3.338341e-02 -5.253649e-02 -5.526923e-03 9.986038e-01 3.592348e+01
-9.981679e-01 -2.858436e-02 -5.332942e-02 -7.838039e+01 2.882481e-02 -9.995775e-01 -3.745033e-03 -4.667373e-02 -5.319984e-02 -5.275383e-03 9.985700e-01 3.671012e+01
-9.977949e-01 -2.584445e-02 -6.113566e-02 -7.846209e+01 2.617836e-02 -9.996464e-01 -4.667158e-03 -5.560043e-02 -6.099342e-02 -6.257297e-03 9.981186e-01 3.752473e+01
-9.975998e-01 -2.653605e-02 -6.395758e-02 -7.852978e+01 2.688263e-02 -9.996281e-01 -4.564271e-03 -6.960481e-02 -6.381268e-02 -6.272664e-03 9.979423e-01 3.833148e+01
-9.974220e-01 -2.715084e-02 -6.642582e-02 -7.858850e+01 2.751878e-02 -9.996105e-01 -4.630306e-03 -8.388525e-02 -6.627424e-02 -6.446326e-03 9.977807e-01 3.914692e+01
-9.972680e-01 -2.777386e-02 -6.845033e-02 -7.863802e+01 2.816357e-02 -9.995922e-01 -4.734789e-03 -9.842084e-02 -6.829091e-02 -6.649659e-03 9.976434e-01 3.997070e+01
-9.971064e-01 -3.034741e-02 -6.969956e-02 -7.869560e+01 3.142336e-02 -9.994025e-01 -1.439255e-02 -1.205699e-01 -6.922115e-02 -1.654110e-02 9.974643e-01 4.082894e+01
-9.970371e-01 -3.085343e-02 -7.046549e-02 -7.876347e+01 3.194320e-02 -9.993860e-01 -1.439103e-02 -1.432664e-01 -6.997822e-02 -1.659929e-02 9.974105e-01 4.168429e+01
-9.969663e-01 -3.135573e-02 -7.124083e-02 -7.882807e+01 3.245426e-02 -9.993707e-01 -1.431492e-02 -1.658669e-01 -7.074715e-02 -1.658357e-02 9.973565e-01 4.252188e+01
-9.968538e-01 -3.197592e-02 -7.252768e-02 -7.888818e+01 3.307891e-02 -9.993539e-01 -1.405777e-02 -1.886099e-01 -7.203131e-02 -1.641267e-02 9.972674e-01 4.336341e+01
-9.966863e-01 -2.730683e-02 -7.662300e-02 -7.897382e+01 2.786078e-02 -9.995928e-01 -6.169796e-03 -1.823762e-01 -7.642332e-02 -8.284127e-03 9.970412e-01 4.415776e+01
-9.966214e-01 -2.795540e-02 -7.723123e-02 -7.903079e+01 2.847005e-02 -9.995792e-01 -5.570511e-03 -1.991079e-01 -7.704300e-02 -7.750467e-03 9.969977e-01 4.501061e+01
-9.965436e-01 -2.875304e-02 -7.793779e-02 -7.909134e+01 2.922872e-02 -9.995604e-01 -4.969287e-03 -2.152513e-01 -7.776064e-02 -7.230134e-03 9.969459e-01 4.585195e+01
-9.964607e-01 -2.954722e-02 -7.869649e-02 -7.915198e+01 2.998869e-02 -9.995404e-01 -4.433685e-03 -2.308424e-01 -7.852932e-02 -6.777998e-03 9.968889e-01 4.669351e+01
-9.970683e-01 -2.693554e-02 -7.162059e-02 -7.925315e+01 2.704664e-02 -9.996340e-01 -5.817769e-04 -2.236511e-01 -7.157870e-02 -2.517168e-03 9.974319e-01 4.759314e+01
-9.971195e-01 -2.735962e-02 -7.074244e-02 -7.931812e+01 2.745404e-02 -9.996230e-01 -3.626109e-04 -2.348691e-01 -7.070585e-02 -2.303732e-03 9.974946e-01 4.845324e+01
-9.971653e-01 -2.768475e-02 -6.996546e-02 -7.936908e+01 2.776295e-02 -9.996145e-01 -1.454321e-04 -2.460120e-01 -6.993446e-02 -2.087468e-03 9.975495e-01 4.931456e+01
-9.972293e-01 -2.791611e-02 -6.895445e-02 -7.944183e+01 2.797234e-02 -9.996087e-01 1.501754e-04 -2.562648e-01 -6.893167e-02 -1.779058e-03 9.976199e-01 5.017393e+01
-9.976618e-01 -1.878943e-02 -6.571321e-02 -7.947275e+01 1.890729e-02 -9.998205e-01 -1.172059e-03 -2.800771e-01 -6.567940e-02 -2.411777e-03 9.978380e-01 5.109700e+01
-9.976747e-01 -1.867558e-02 -6.554896e-02 -7.952604e+01 1.876203e-02 -9.998237e-01 -7.034105e-04 -2.917249e-01 -6.552428e-02 -1.931606e-03 9.978492e-01 5.195719e+01
-9.977433e-01 -1.852117e-02 -6.454069e-02 -7.958156e+01 1.858906e-02 -9.998271e-01 -4.516163e-04 -3.030266e-01 -6.452117e-02 -1.650348e-03 9.979151e-01 5.281771e+01
-9.978493e-01 -1.843983e-02 -6.290419e-02 -7.964101e+01 1.850930e-02 -9.998285e-01 -5.218405e-04 -3.140147e-01 -6.288379e-02 -1.685031e-03 9.980195e-01 5.367259e+01
-9.980244e-01 -1.582520e-02 -6.080199e-02 -7.972628e+01 1.629973e-02 -9.998404e-01 -7.316377e-03 -3.408986e-01 -6.067650e-02 -8.292980e-03 9.981231e-01 5.455120e+01
-9.981274e-01 -1.610438e-02 -5.901273e-02 -7.980275e+01 1.660047e-02 -9.998308e-01 -7.925925e-03 -3.578609e-01 -5.887510e-02 -8.890722e-03 9.982259e-01 5.540633e+01
-9.982025e-01 -1.644690e-02 -5.763165e-02 -7.986886e+01 1.696844e-02 -9.998193e-01 -8.571986e-03 -3.754537e-01 -5.748026e-02 -9.534499e-03 9.983012e-01 5.626768e+01
-9.982235e-01 -1.664595e-02 -5.720910e-02 -7.991335e+01 1.718325e-02 -9.998127e-01 -8.912981e-03 -3.935309e-01 -5.705002e-02 -9.880186e-03 9.983225e-01 5.711687e+01
-9.978853e-01 -2.664371e-02 -5.928997e-02 -7.996332e+01 2.743998e-02 -9.995433e-01 -1.265663e-02 -4.387060e-01 -5.892569e-02 -1.425679e-02 9.981607e-01 5.799303e+01
-9.976727e-01 -2.669841e-02 -6.274310e-02 -8.000392e+01 2.750017e-02 -9.995503e-01 -1.194957e-02 -4.615124e-01 -6.239586e-02 -1.364721e-02 9.979584e-01 5.884583e+01
-9.974391e-01 -2.705396e-02 -6.620833e-02 -8.005526e+01 2.786282e-02 -9.995476e-01 -1.132406e-02 -4.855084e-01 -6.587201e-02 -1.313982e-02 9.977417e-01 5.969155e+01
-9.972719e-01 -2.714748e-02 -6.864476e-02 -8.010605e+01 2.795702e-02 -9.995501e-01 -1.085993e-02 -5.095385e-01 -6.831906e-02 -1.274941e-02 9.975822e-01 6.053996e+01
-9.975333e-01 -1.646241e-02 -6.823882e-02 -8.017568e+01 1.664630e-02 -9.998592e-01 -2.127075e-03 -4.934032e-01 -6.819420e-02 -3.257753e-03 9.976669e-01 6.136905e+01
-9.973375e-01 -1.651682e-02 -7.103103e-02 -8.024822e+01 1.668791e-02 -9.998591e-01 -1.815911e-03 -5.095297e-01 -7.099103e-02 -2.996436e-03 9.974726e-01 6.219945e+01
-9.970981e-01 -1.672480e-02 -7.426924e-02 -8.032513e+01 1.688790e-02 -9.998562e-01 -1.568528e-03 -5.260140e-01 -7.423232e-02 -2.818227e-03 9.972371e-01 6.301997e+01
-9.968818e-01 -1.699724e-02 -7.705790e-02 -8.039069e+01 1.716170e-02 -9.998516e-01 -1.472547e-03 -5.423816e-01 -7.702143e-02 -2.790401e-03 9.970256e-01 6.383543e+01
-9.965082e-01 -2.132517e-02 -8.072612e-02 -8.045211e+01 2.232735e-02 -9.996842e-01 -1.153222e-02 -5.838961e-01 -8.045468e-02 -1.329435e-02 9.966697e-01 6.462366e+01
-9.962817e-01 -2.184916e-02 -8.333912e-02 -8.053569e+01 2.289631e-02 -9.996702e-01 -1.162998e-02 -6.078957e-01 -8.305753e-02 -1.349489e-02 9.964535e-01 6.543473e+01
-9.958639e-01 -2.252786e-02 -8.802176e-02 -8.061446e+01 2.363772e-02 -9.996534e-01 -1.158698e-02 -6.317899e-01 -8.773022e-02 -1.361969e-02 9.960513e-01 6.623870e+01
-9.954327e-01 -2.494970e-02 -9.214804e-02 -8.070598e+01 2.601928e-02 -9.996071e-01 -1.042402e-02 -6.587594e-01 -9.185176e-02 -1.277404e-02 9.956908e-01 6.704433e+01
-9.946046e-01 -3.899007e-02 -9.613338e-02 -8.079033e+01 3.982840e-02 -9.991833e-01 -6.816338e-03 -6.712260e-01 -9.578910e-02 -1.060840e-02 9.953452e-01 6.782896e+01
-9.940821e-01 -4.112619e-02 -1.005469e-01 -8.087833e+01 4.186442e-02 -9.991096e-01 -5.242418e-03 -6.942393e-01 -1.002418e-01 -9.420732e-03 9.949186e-01 6.864688e+01
-9.934743e-01 -4.321172e-02 -1.055548e-01 -8.097511e+01 4.384185e-02 -9.990318e-01 -3.655640e-03 -7.156783e-01 -1.052947e-01 -8.259503e-03 9.944068e-01 6.945663e+01
-9.929592e-01 -4.528917e-02 -1.094590e-01 -8.107371e+01 4.577770e-02 -9.989498e-01 -1.953036e-03 -7.365912e-01 -1.092556e-01 -6.950068e-03 9.939895e-01 7.026278e+01
-9.924319e-01 -3.405535e-02 -1.179797e-01 -8.113373e+01 3.358332e-02 -9.994180e-01 5.987261e-03 -7.132685e-01 -1.181149e-01 1.979799e-03 9.929981e-01 7.100522e+01
-9.916139e-01 -3.614829e-02 -1.240787e-01 -8.124674e+01 3.548507e-02 -9.993417e-01 7.551758e-03 -7.265469e-01 -1.242700e-01 3.085487e-03 9.922438e-01 7.180131e+01
-9.907883e-01 -3.817939e-02 -1.299270e-01 -8.136416e+01 3.734224e-02 -9.992631e-01 8.874214e-03 -7.382571e-01 -1.301701e-01 3.940702e-03 9.914839e-01 7.259660e+01
-9.899307e-01 -3.998813e-02 -1.357875e-01 -8.147404e+01 3.899902e-02 -9.991899e-01 9.937614e-03 -7.488232e-01 -1.360749e-01 4.541971e-03 9.906882e-01 7.335798e+01
-9.893359e-01 -3.381370e-02 -1.416729e-01 -8.158250e+01 3.413667e-02 -9.994171e-01 1.508045e-04 -7.583200e-01 -1.415954e-01 -4.687043e-03 9.899136e-01 7.407181e+01
-9.886762e-01 -3.587473e-02 -1.457141e-01 -8.170709e+01 3.608082e-02 -9.993481e-01 1.229055e-03 -7.746668e-01 -1.456633e-01 -4.042350e-03 9.893261e-01 7.482994e+01
-9.877759e-01 -3.784893e-02 -1.512162e-01 -8.184627e+01 3.789764e-02 -9.992783e-01 2.560893e-03 -7.898088e-01 -1.512040e-01 -3.201146e-03 9.884975e-01 7.557457e+01
-9.862883e-01 -3.968984e-02 -1.601882e-01 -8.197897e+01 3.954120e-02 -9.992095e-01 4.116663e-03 -8.048042e-01 -1.602250e-01 -2.273817e-03 9.870780e-01 7.630910e+01
-9.850369e-01 -3.834151e-02 -1.680247e-01 -8.207903e+01 3.727152e-02 -9.992599e-01 9.518274e-03 -7.957929e-01 -1.682653e-01 3.113316e-03 9.857370e-01 7.708550e+01
-9.839485e-01 -3.994468e-02 -1.739254e-01 -8.222391e+01 3.871457e-02 -9.991956e-01 1.046082e-02 -8.061287e-01 -1.742033e-01 3.559465e-03 9.847034e-01 7.781264e+01
-9.828570e-01 -4.130770e-02 -1.796830e-01 -8.237929e+01 3.994096e-02 -9.991391e-01 1.121909e-02 -8.148218e-01 -1.799918e-01 3.850048e-03 9.836607e-01 7.856470e+01
-9.815573e-01 -4.265303e-02 -1.863493e-01 -8.252937e+01 4.110862e-02 -9.990809e-01 1.214578e-02 -8.233287e-01 -1.866961e-01 4.261215e-03 9.824086e-01 7.931207e+01
-9.786572e-01 -3.434201e-02 -2.026104e-01 -8.266908e+01 3.502165e-02 -9.993865e-01 2.307462e-04 -8.246085e-01 -2.024940e-01 -6.869929e-03 9.792595e-01 8.007632e+01
-9.768931e-01 -3.560825e-02 -2.107418e-01 -8.283161e+01 3.602580e-02 -9.993491e-01 1.858747e-03 -8.415970e-01 -2.106708e-01 -5.776346e-03 9.775401e-01 8.078280e+01
-9.757476e-01 -3.682626e-02 -2.157788e-01 -8.300782e+01 3.693470e-02 -9.993114e-01 3.531188e-03 -8.576842e-01 -2.157603e-01 -4.524177e-03 9.764360e-01 8.149735e+01
-9.740862e-01 -3.815522e-02 -2.229362e-01 -8.318430e+01 3.799072e-02 -9.992654e-01 5.028176e-03 -8.730263e-01 -2.229643e-01 -3.571630e-03 9.748202e-01 8.219831e+01
-9.683043e-01 -3.536809e-02 -2.472574e-01 -8.340536e+01 3.288665e-02 -9.993588e-01 1.415984e-02 -8.552817e-01 -2.475996e-01 5.579568e-03 9.688465e-01 8.294875e+01
-9.661615e-01 -3.655902e-02 -2.553340e-01 -8.359686e+01 3.385981e-02 -9.993147e-01 1.496047e-02 -8.629648e-01 -2.557060e-01 5.808666e-03 9.667372e-01 8.365581e+01
-9.637046e-01 -3.764660e-02 -2.643034e-01 -8.379208e+01 3.464575e-02 -9.992715e-01 1.600775e-02 -8.692933e-01 -2.647135e-01 6.269753e-03 9.643069e-01 8.435966e+01
