-1.000000e+00 -4.263256e-13 0.000000e+00 9.313226e-10 3.204548e-12 -1.000000e+00 0.000000e+00 0.000000e+00 0.000000e+00 -3.637979e-12 1.000000e+00 0.000000e+00
-1.000000e+00 5.092077e-05 -1.945577e-04 2.165890e-02 -5.090219e-05 -1.000000e+00 -9.547750e-05 -6.102090e-04 -1.945626e-04 -9.546761e-05 1.000000e+00 4.276460e-01
-9.999998e-01 1.869270e-04 -8.167777e-04 3.293449e-02 -1.867047e-04 -9.999999e-01 -2.722158e-04 -1.593144e-03 -8.168287e-04 -2.720632e-04 9.999998e-01 9.466194e-01
-9.999984e-01 4.420672e-04 -1.792757e-03 3.698313e-02 -4.411196e-04 -9.999997e-01 -5.288834e-04 -3.001232e-03 -1.792991e-03 -5.280917e-04 9.999983e-01 1.485754e+00
-9.999974e-01 7.474726e-04 -2.177545e-03 4.030706e-02 -7.457184e-04 -9.999993e-01 -8.062125e-04 -4.843101e-03 -2.178146e-03 -8.045866e-04 9.999974e-01 2.036866e+00
-9.999523e-01 5.669357e-03 -7.965684e-03 -1.638225e-02 -5.625689e-03 -9.999691e-01 -5.493673e-03 -4.103722e-02 -7.996583e-03 -5.448599e-03 9.999533e-01 2.795386e+00
-9.999458e-01 5.972824e-03 -8.534636e-03 -2.688386e-02 -5.924040e-03 -9.999660e-01 -5.729853e-03 -4.651950e-02 -8.568570e-03 -5.678983e-03 9.999472e-01 3.355614e+00
-9.999301e-01 6.261095e-03 -1.003703e-02 -3.696484e-02 -6.200290e-03 -9.999623e-01 -6.077754e-03 -5.275802e-02 -1.007471e-02 -6.015097e-03 9.999313e-01 3.947013e+00
-9.999111e-01 6.473600e-03 -1.165984e-02 -3.942572e-02 -6.396962e-03 -9.999577e-01 -6.598163e-03 -5.949941e-02 -1.170206e-02 -6.522989e-03 9.999104e-01 4.558263e+00
-9.998927e-01 4.802378e-03 -1.385044e-02 -5.525007e-02 -4.647200e-03 -9.999263e-01 -1.121435e-02 -9.454354e-02 -1.390327e-02 -1.114878e-02 9.998413e-01 5.183833e+00
-9.998707e-01 4.823414e-03 -1.534491e-02 -7.967614e-02 -4.641753e-03 -9.999190e-01 -1.185219e-02 -1.044248e-01 -1.540083e-02 -1.177943e-02 9.998121e-01 5.789639e+00
-9.998423e-01 4.724510e-03 -1.712301e-02 -8.008635e-02 -4.517148e-03 -9.999163e-01 -1.212862e-02 -1.148420e-01 -1.717888e-02 -1.204936e-02 9.997799e-01 6.431209e+00
-9.998229e-01 4.563615e-03 -1.826444e-02 -1.019226e-01 -4.347219e-03 -9.999201e-01 -1.187012e-02 -1.257091e-01 -1.831715e-02 -1.178862e-02 9.997628e-01 7.076319e+00
-9.998455e-01 -2.960670e-03 -1.732952e-02 -1.191238e-01 2.926983e-03 -9.999937e-01 1.968852e-03 -1.225367e-01 -1.733524e-02 1.917824e-03 9.998480e-01 7.788043e+00
-9.998237e-01 -3.204624e-03 -1.850577e-02 -1.289004e-01 3.157652e-03 -9.999917e-01 2.566892e-03 -1.256124e-01 -1.851384e-02 2.508005e-03 9.998256e-01 8.461272e+00
-9.998122e-01 -3.521333e-03 -1.906230e-02 -1.523214e-01 3.468547e-03 -9.999900e-01 2.801441e-03 -1.282392e-01 -1.907198e-02 2.734797e-03 9.998145e-01 9.145844e+00
-9.997986e-01 -3.810223e-03 -1.970858e-02 -1.826484e-01 3.757545e-03 -9.999893e-01 2.709170e-03 -1.300335e-01 -1.971869e-02 2.634569e-03 9.998022e-01 9.845844e+00
-9.997255e-01 -7.167890e-03 -2.230926e-02 -1.934153e-01 7.248825e-03 -9.999674e-01 -3.549134e-03 -1.449448e-01 -2.228309e-02 -3.709876e-03 9.997449e-01 1.057612e+01
-9.996945e-01 -7.363901e-03 -2.359596e-02 -1.912703e-01 7.440491e-03 -9.999673e-01 -3.159771e-03 -1.511898e-01 -2.357192e-02 -3.334371e-03 9.997167e-01 1.130650e+01
-9.996678e-01 -7.501062e-03 -2.466361e-02 -2.095448e-01 7.562169e-03 -9.999685e-01 -2.385288e-03 -1.573495e-01 -2.464494e-02 -2.571006e-03 9.996931e-01 1.207989e+01
-9.996592e-01 -7.562502e-03 -2.498758e-02 -2.270431e-01 7.602359e-03 -9.999700e-01 -1.500502e-03 -1.631141e-01 -2.497548e-02 -1.689955e-03 9.996867e-01 1.286197e+01
-9.996517e-01 -3.289521e-03 -2.618673e-02 -2.854736e-01 2.845075e-03 -9.998516e-01 1.699135e-02 -1.303706e-01 -2.623874e-02 1.691093e-02 9.995127e-01 1.369323e+01
-9.996205e-01 -3.170523e-03 -2.736880e-02 -3.142438e-01 2.687742e-03 -9.998404e-01 1.765860e-02 -1.208878e-01 -2.742042e-02 1.757834e-02 9.994695e-01 1.449775e+01
-9.996304e-01 -3.146651e-03 -2.700790e-02 -3.325503e-01 2.657447e-03 -9.998321e-01 1.813015e-02 -1.108392e-01 -2.706042e-02 1.805167e-02 9.994709e-01 1.530377e+01
-9.996452e-01 -3.008839e-03 -2.646856e-02 -3.614443e-01 2.524861e-03 -9.998293e-01 1.829946e-02 -9.994775e-02 -2.651910e-02 1.822614e-02 9.994822e-01 1.613568e+01
-9.997364e-01 1.080602e-03 -2.293782e-02 -3.607579e-01 -1.200756e-03 -9.999856e-01 5.225129e-03 -1.136447e-01 -2.293185e-02 5.251294e-03 9.997233e-01 1.705623e+01
-9.997588e-01 1.307269e-03 -2.192671e-02 -3.661116e-01 -1.414670e-03 -9.999871e-01 4.883373e-03 -1.137576e-01 -2.192004e-02 4.913214e-03 9.997478e-01 1.791908e+01
-9.997674e-01 1.372801e-03 -2.153105e-02 -3.869823e-01 -1.469901e-03 -9.999888e-01 4.494598e-03 -1.141744e-01 -2.152464e-02 4.525201e-03 9.997582e-01 1.878362e+01
-9.997885e-01 1.438414e-03 -2.051955e-02 -4.157439e-01 -1.524171e-03 -9.999902e-01 4.164241e-03 -1.148790e-01 -2.051336e-02 4.194635e-03 9.997809e-01 1.968449e+01
-9.997884e-01 -1.474958e-04 -2.057694e-02 -4.727628e-01 2.850630e-04 -9.999776e-01 -6.682734e-03 -1.618615e-01 -2.057549e-02 -6.687186e-03 9.997660e-01 2.066452e+01
-9.997917e-01 -3.099876e-04 -2.041293e-02 -4.911492e-01 4.545629e-04 -9.999748e-01 -7.078271e-03 -1.735288e-01 -2.041023e-02 -7.086075e-03 9.997667e-01 2.157990e+01
-9.997910e-01 -6.912656e-04 -2.043783e-02 -5.196466e-01 8.441887e-04 -9.999717e-01 -7.474682e-03 -1.857837e-01 -2.043208e-02 -7.490373e-03 9.997633e-01 2.250266e+01
-9.998108e-01 -1.155157e-03 -1.942109e-02 -5.404029e-01 1.307826e-03 -9.999683e-01 -7.850109e-03 -1.985244e-01 -1.941141e-02 -7.874023e-03 9.997807e-01 2.341228e+01
-9.997315e-01 -9.882766e-03 -2.096318e-02 -6.028794e-01 1.009586e-02 -9.998982e-01 -1.008408e-02 -2.265655e-01 -2.086138e-02 -1.029301e-02 9.997295e-01 2.449211e+01
-9.997304e-01 -1.036936e-02 -2.077645e-02 -6.478599e-01 1.058710e-02 -9.998899e-01 -1.039748e-02 -2.423921e-01 -2.066635e-02 -1.061464e-02 9.997302e-01 2.544066e+01
-9.997239e-01 -1.082280e-02 -2.086141e-02 -6.810673e-01 1.104626e-02 -9.998825e-01 -1.062635e-02 -2.587457e-01 -2.074395e-02 -1.085385e-02 9.997260e-01 2.639727e+01
-9.997381e-01 -1.132259e-02 -1.989446e-02 -7.179410e-01 1.153796e-02 -9.998757e-01 -1.074453e-02 -2.758258e-01 -1.977033e-02 -1.097125e-02 9.997445e-01 2.735539e+01
-9.996865e-01 -1.242128e-02 -2.174314e-02 -6.867628e-01 1.257028e-02 -9.998983e-01 -6.729654e-03 -3.004791e-01 -2.165734e-02 -7.000862e-03 9.997411e-01 2.845405e+01
-9.996911e-01 -1.286681e-02 -2.126706e-02 -7.074465e-01 1.301410e-02 -9.998922e-01 -6.801783e-03 -3.149397e-01 -2.117725e-02 -7.076454e-03 9.997508e-01 2.945462e+01
-9.996968e-01 -1.336849e-02 -2.068487e-02 -7.327933e-01 1.351381e-02 -9.998848e-01 -6.901334e-03 -3.297936e-01 -2.059023e-02 -7.178772e-03 9.997624e-01 3.046368e+01
-9.996828e-01 -1.382999e-02 -2.105772e-02 -7.477998e-01 1.397911e-02 -9.998782e-01 -6.950374e-03 -3.449958e-01 -2.095903e-02 -7.242537e-03 9.997542e-01 3.147264e+01
-9.996154e-01 -1.425314e-02 -2.379087e-02 -7.965405e-01 1.439926e-02 -9.998784e-01 -5.981901e-03 -3.711370e-01 -2.370271e-02 -6.322171e-03 9.996992e-01 3.260167e+01
-9.996089e-01 -1.462569e-02 -2.383972e-02 -8.244612e-01 1.476605e-02 -9.998746e-01 -5.722407e-03 -3.857124e-01 -2.375304e-02 -6.072187e-03 9.996995e-01 3.364427e+01
-9.996154e-01 -1.498458e-02 -2.333815e-02 -8.443606e-01 1.511315e-02 -9.998715e-01 -5.342532e-03 -4.006089e-01 -2.325510e-02 -5.693191e-03 9.997135e-01 3.470260e+01
-9.996320e-01 -1.532910e-02 -2.238564e-02 -8.691375e-01 1.544334e-02 -9.998686e-01 -4.939397e-03 -4.153900e-01 -2.230698e-02 -5.283288e-03 9.997373e-01 3.576052e+01
-9.995885e-01 -1.360319e-02 -2.525800e-02 -9.331221e-01 1.350224e-02 -9.999002e-01 4.163020e-03 -4.132341e-01 -2.531211e-02 3.820267e-03 9.996724e-01 3.683261e+01
-9.995924e-01 -1.393938e-02 -2.491960e-02 -9.511871e-01 1.383218e-02 -9.998944e-01 4.468997e-03 -4.183519e-01 -2.497926e-02 4.122483e-03 9.996796e-01 3.791454e+01
-9.995975e-01 -1.426172e-02 -2.452672e-02 -9.686465e-01 1.414753e-02 -9.998882e-01 4.822939e-03 -4.232754e-01 -2.459276e-02 4.474005e-03 9.996877e-01 3.899585e+01
-9.996063e-01 -1.459601e-02 -2.396751e-02 -9.862362e-01 1.447351e-02 -9.998813e-01 5.276546e-03 -4.281665e-01 -2.404168e-02 4.927575e-03 9.996989e-01 4.007774e+01
-9.994798e-01 -1.499276e-02 -2.855874e-02 -1.055719e+00 1.481751e-02 -9.998702e-01 6.338209e-03 -4.521338e-01 -2.865006e-02 5.911743e-03 9.995722e-01 4.113653e+01
-9.995009e-01 -1.539273e-02 -2.758976e-02 -1.074305e+00 1.520764e-02 -9.998605e-01 6.905957e-03 -4.565363e-01 -2.769222e-02 6.482935e-03 9.995956e-01 4.220566e+01
-9.994895e-01 -1.584842e-02 -2.774590e-02 -1.104257e+00 1.565087e-02 -9.998507e-01 7.322466e-03 -4.608401e-01 -2.785780e-02 6.884481e-03 9.995883e-01 4.326908e+01
-9.994748e-01 -1.631826e-02 -2.800031e-02 -1.141824e+00 1.611322e-02 -9.998418e-01 7.532927e-03 -4.647660e-01 -2.811880e-02 7.077796e-03 9.995796e-01 4.432463e+01
-9.993330e-01 -1.700695e-02 -3.232047e-02 -1.212823e+00 1.696209e-02 -9.998547e-01 1.661585e-03 -4.990296e-01 -3.234404e-02 1.112254e-03 9.994763e-01 4.547353e+01
-9.992967e-01 -1.755394e-02 -3.313970e-02 -1.254607e+00 1.749851e-02 -9.998450e-01 1.961838e-03 -5.093975e-01 -3.316900e-02 1.380563e-03 9.994489e-01 4.656880e+01
-9.992894e-01 -1.818896e-02 -3.301432e-02 -1.284960e+00 1.812056e-02 -9.998330e-01 2.369887e-03 -5.202347e-01 -3.305191e-02 1.769965e-03 9.994522e-01 4.765699e+01
-9.992880e-01 -1.869101e-02 -3.277913e-02 -1.330436e+00 1.860804e-02 -9.998229e-01 2.834265e-03 -5.304960e-01 -3.282630e-02 2.222291e-03 9.994587e-01 4.874361e+01
-9.993266e-01 -1.876261e-02 -3.153503e-02 -1.371950e+00 1.854613e-02 -9.998025e-01 7.143333e-03 -5.312044e-01 -3.166283e-02 6.553670e-03 9.994773e-01 4.975999e+01
-9.992950e-01 -1.918641e-02 -3.227427e-02 -1.400186e+00 1.895314e-02 -9.997921e-01 7.518310e-03 -5.374151e-01 -3.241181e-02 6.901311e-03 9.994509e-01 5.083202e+01
-9.992561e-01 -1.963279e-02 -3.319918e-02 -1.439225e+00 1.938422e-02 -9.997818e-01 7.792605e-03 -5.432513e-01 -3.334492e-02 7.143267e-03 9.994184e-01 5.190672e+01
-9.992609e-01 -2.001505e-02 -3.281945e-02 -1.481026e+00 1.976481e-02 -9.997732e-01 7.931545e-03 -5.488212e-01 -3.297076e-02 7.277014e-03 9.994299e-01 5.299713e+01
-9.994472e-01 -1.668333e-02 -2.876109e-02 -1.507147e+00 1.667330e-02 -9.998608e-01 5.882921e-04 -5.777577e-01 -2.876690e-02 1.084247e-04 9.995863e-01 5.406075e+01
-9.994747e-01 -1.685721e-02 -2.768246e-02 -1.521553e+00 1.685040e-02 -9.998579e-01 4.792539e-04 -5.917866e-01 -2.768661e-02 1.254174e-05 9.996167e-01 5.512054e+01
-9.995163e-01 -1.696370e-02 -2.606908e-02 -1.555984e+00 1.695710e-02 -9.998561e-01 4.739679e-04 -6.055477e-01 -2.607337e-02 3.168248e-05 9.996601e-01 5.618740e+01
-9.995356e-01 -1.700763e-02 -2.528988e-02 -1.570163e+00 1.699331e-02 -9.998553e-01 7.810039e-04 -6.195931e-01 -2.529950e-02 3.508824e-04 9.996799e-01 5.726305e+01
-9.994260e-01 -1.364712e-02 -3.101020e-02 -1.650504e+00 1.353626e-02 -9.999012e-01 3.781904e-03 -6.456132e-01 -3.105875e-02 3.359971e-03 9.995120e-01 5.838887e+01
-9.994188e-01 -1.348236e-02 -3.131301e-02 -1.664703e+00 1.335074e-02 -9.999012e-01 4.408735e-03 -6.563007e-01 -3.136935e-02 3.988121e-03 9.995000e-01 5.946988e+01
-9.994202e-01 -1.323179e-02 -3.137524e-02 -1.695629e+00 1.308476e-02 -9.999024e-01 4.886504e-03 -6.665339e-01 -3.143684e-02 4.473133e-03 9.994959e-01 6.054076e+01
-9.994410e-01 -1.295682e-02 -3.082043e-02 -1.722237e+00 1.280293e-02 -9.999046e-01 5.185255e-03 -6.765727e-01 -3.088467e-02 4.787765e-03 9.995116e-01 6.160757e+01
-9.995596e-01 -3.088490e-03 -2.951439e-02 -1.805299e+00 2.947217e-03 -9.999840e-01 4.828876e-03 -6.732612e-01 -2.952883e-02 4.739764e-03 9.995528e-01 6.269092e+01
-9.995708e-01 -2.991846e-03 -2.914452e-02 -1.830397e+00 2.853880e-03 -9.999845e-01 4.774300e-03 -6.836675e-01 -2.915836e-02 4.689076e-03 9.995639e-01 6.375564e+01
-9.996349e-01 -3.122113e-03 -2.683930e-02 -1.863168e+00 2.996761e-03 -9.999844e-01 4.709396e-03 -6.942853e-01 -2.685359e-02 4.627246e-03 9.996287e-01 6.481557e+01
-9.996586e-01 -3.473397e-03 -2.589794e-02 -1.890338e+00 3.349621e-03 -9.999827e-01 4.821215e-03 -7.047077e-01 -2.591424e-02 4.732821e-03 9.996531e-01 6.588818e+01
-9.995300e-01 -1.382146e-02 -2.736805e-02 -1.941634e+00 1.381476e-02 -9.999045e-01 4.338091e-04 -7.305946e-01 -2.737143e-02 5.552218e-05 9.996254e-01 6.704585e+01
-9.995312e-01 -1.423614e-02 -2.710820e-02 -1.960216e+00 1.422249e-02 -9.998986e-01 6.962142e-04 -7.459132e-01 -2.711536e-02 3.103419e-04 9.996324e-01 6.811581e+01
-9.995742e-01 -1.453042e-02 -2.530774e-02 -1.976579e+00 1.451052e-02 -9.998943e-01 9.700276e-04 -7.609003e-01 -2.531916e-02 6.023863e-04 9.996793e-01 6.917991e+01
-9.995703e-01 -1.477975e-02 -2.531631e-02 -1.996894e+00 1.475074e-02 -9.998903e-01 1.332443e-03 -7.756244e-01 -2.533323e-02 9.584364e-04 9.996787e-01 7.025093e+01
-9.995217e-01 -1.180777e-02 -2.858531e-02 -2.071641e+00 1.165100e-02 -9.999162e-01 5.644748e-03 -7.735400e-01 -2.864957e-02 5.309001e-03 9.995755e-01 7.137592e+01
-9.995451e-01 -1.189395e-02 -2.771872e-02 -2.079802e+00 1.172721e-02 -9.999123e-01 6.170339e-03 -7.835413e-01 -2.778968e-02 5.842470e-03 9.995968e-01 7.245315e+01
-9.995303e-01 -1.195403e-02 -2.822539e-02 -2.098017e+00 1.177076e-02 -9.999086e-01 6.650460e-03 -7.932334e-01 -2.830231e-02 6.315102e-03 9.995796e-01 7.353237e+01
-9.995335e-01 -1.203843e-02 -2.807240e-02 -2.127261e+00 1.184770e-02 -9.999056e-01 6.950668e-03 -8.026942e-01 -2.815342e-02 6.614832e-03 9.995818e-01 7.459834e+01
-9.994633e-01 -7.266193e-03 -3.194591e-02 -2.222711e+00 7.092364e-03 -9.999594e-01 5.551283e-03 -8.149310e-01 -3.198495e-02 5.321731e-03 9.994742e-01 7.568961e+01
-9.993958e-01 -7.437807e-03 -3.395523e-02 -2.255922e+00 7.244381e-03 -9.999568e-01 5.815931e-03 -8.252308e-01 -3.399702e-02 5.566432e-03 9.994065e-01 7.676666e+01
-9.992440e-01 -7.669196e-03 -3.811638e-02 -2.306798e+00 7.434472e-03 -9.999526e-01 6.296010e-03 -8.352074e-01 -3.816285e-02 6.007875e-03 9.992536e-01 7.784918e+01
-9.990799e-01 -7.964191e-03 -4.214310e-02 -2.361767e+00 7.676753e-03 -9.999462e-01 6.977932e-03 -8.449324e-01 -4.219640e-02 6.647989e-03 9.990873e-01 7.893076e+01
-9.992611e-01 -1.327656e-02 -3.607285e-02 -2.397210e+00 1.280325e-02 -9.998294e-01 1.332050e-02 -8.412352e-01 -3.624354e-02 1.284881e-02 9.992605e-01 8.001085e+01
-9.992199e-01 -1.348720e-02 -3.711965e-02 -2.434258e+00 1.297951e-02 -9.998193e-01 1.388442e-02 -8.436058e-01 -3.730021e-02 1.339180e-02 9.992145e-01 8.107355e+01
-9.991869e-01 -1.367837e-02 -3.792777e-02 -2.485138e+00 1.314101e-02 -9.998102e-01 1.438135e-02 -8.456278e-01 -3.811729e-02 1.387125e-02 9.991771e-01 8.211316e+01
-9.991956e-01 -1.387209e-02 -3.762849e-02 -2.534616e+00 1.332141e-02 -9.998011e-01 1.484627e-02 -8.470349e-01 -3.782695e-02 1.433307e-02 9.991816e-01 8.317313e+01
-9.991986e-01 -1.414510e-02 -3.744832e-02 -2.548244e+00 1.370512e-02 -9.998342e-01 1.197980e-02 -8.633500e-01 -3.761157e-02 1.145696e-02 9.992269e-01 8.418723e+01
-9.991677e-01 -1.415306e-02 -3.825824e-02 -2.583889e+00 1.368383e-02 -9.998282e-01 1.249884e-02 -8.682560e-01 -3.842857e-02 1.196491e-02 9.991898e-01 8.520084e+01
-9.992045e-01 -1.412624e-02 -3.729837e-02 -2.623433e+00 1.364596e-02 -9.998211e-01 1.310016e-02 -8.731402e-01 -3.747675e-02 1.258076e-02 9.992184e-01 8.619209e+01
-9.991526e-01 -1.404402e-02 -3.869300e-02 -2.667984e+00 1.352045e-02 -9.998139e-01 1.376014e-02 -8.776457e-01 -3.887905e-02 1.322534e-02 9.991565e-01 8.717892e+01
-9.991204e-01 -9.944654e-03 -4.074038e-02 -2.727145e+00 9.216344e-03 -9.997951e-01 1.802583e-02 -8.827762e-01 -4.091129e-02 1.763450e-02 9.990072e-01 8.811406e+01
-9.991277e-01 -9.792540e-03 -4.059722e-02 -2.768486e+00 9.043419e-03 -9.997862e-01 1.859530e-02 -8.837546e-01 -4.077064e-02 1.821194e-02 9.990026e-01 8.907897e+01
-9.990525e-01 -9.644284e-03 -4.244173e-02 -2.809854e+00 8.839132e-03 -9.997782e-01 1.911767e-02 -8.850353e-01 -4.261669e-02 1.872441e-02 9.989161e-01 9.000843e+01
-9.989582e-01 -9.473835e-03 -4.464284e-02 -2.858581e+00 8.604795e-03 -9.997705e-01 1.961860e-02 -8.861994e-01 -4.481845e-02 1.921402e-02 9.988105e-01 9.092068e+01
-9.985272e-01 -8.217833e-03 -5.362971e-02 -2.922773e+00 7.306349e-03 -9.998259e-01 1.716988e-02 -9.056844e-01 -5.376147e-02 1.675276e-02 9.984133e-01 9.173167e+01
-9.983225e-01 -8.216687e-03 -5.731320e-02 -2.976466e+00 7.210550e-03 -9.998167e-01 1.773982e-02 -9.097678e-01 -5.744846e-02 1.729681e-02 9.981987e-01 9.260796e+01
-9.980604e-01 -8.270032e-03 -6.170299e-02 -3.040071e+00 7.148992e-03 -9.998058e-01 1.836703e-02 -9.134305e-01 -6.184290e-02 1.789029e-02 9.979256e-01 9.348558e+01
-9.977967e-01 -8.391715e-03 -6.581488e-02 -3.105077e+00 7.152731e-03 -9.997932e-01 1.903836e-02 -9.174777e-01 -6.596103e-02 1.852566e-02 9.976503e-01 9.432217e+01
-9.977799e-01 -1.323722e-02 -6.527086e-02 -3.143845e+00 1.180508e-02 -9.996821e-01 2.227850e-02 -9.160148e-01 -6.554502e-02 2.145851e-02 9.976190e-01 9.491129e+01
-9.974734e-01 -1.356519e-02 -6.973623e-02 -3.205192e+00 1.199398e-02 -9.996658e-01 2.290031e-02 -9.190291e-01 -7.002357e-02 2.200604e-02 9.973027e-01 9.567303e+01
-9.971533e-01 -1.396347e-02 -7.409763e-02 -3.268693e+00 1.226425e-02 -9.996524e-01 2.333796e-02 -9.227735e-01 -7.439776e-02 2.236277e-02 9.969780e-01 9.639220e+01
-9.968723e-01 -1.444960e-02 -7.769836e-02 -3.331769e+00 1.265211e-02 -9.996420e-01 2.357696e-02 -9.267020e-01 -7.801122e-02 2.252017e-02 9.966981e-01 9.708930e+01
-9.970473e-01 -1.946177e-02 -7.428405e-02 -3.363460e+00 1.841742e-02 -9.997221e-01 1.471813e-02 -9.335455e-01 -7.454984e-02 1.330655e-02 9.971286e-01 9.762416e+01
-9.968700e-01 -2.008237e-02 -7.646650e-02 -3.415099e+00 1.900907e-02 -9.997106e-01 1.473840e-02 -9.442689e-01 -7.674036e-02 1.323871e-02 9.969633e-01 9.823954e+01
-9.967354e-01 -2.078759e-02 -7.801633e-02 -3.475307e+00 1.969318e-02 -9.996969e-01 1.477114e-02 -9.548842e-01 -7.829975e-02 1.318653e-02 9.968427e-01 9.883620e+01
-9.968836e-01 -2.162427e-02 -7.586666e-02 -3.528713e+00 2.055772e-02 -9.996789e-01 1.481116e-02 -9.658601e-01 -7.616258e-02 1.320536e-02 9.970080e-01 9.939903e+01
-9.971390e-01 -2.954192e-02 -6.957903e-02 -3.569232e+00 2.869374e-02 -9.995016e-01 1.315846e-02 -9.517646e-01 -6.993307e-02 1.112434e-02 9.974898e-01 9.990643e+01
-9.973050e-01 -3.048603e-02 -6.673469e-02 -3.620094e+00 2.965957e-02 -9.994710e-01 1.334044e-02 -9.631763e-01 -6.710608e-02 1.132517e-02 9.976816e-01 1.004389e+02
-9.976090e-01 -3.136693e-02 -6.158544e-02 -3.655892e+00 3.058624e-02 -9.994399e-01 1.357873e-02 -9.747861e-01 -6.197686e-02 1.166259e-02 9.980095e-01 1.009443e+02
-9.979100e-01 -3.217967e-02 -5.603744e-02 -3.688915e+00 3.144886e-02 -9.994091e-01 1.387510e-02 -9.860851e-01 -5.645083e-02 1.208379e-02 9.983323e-01 1.014479e+02
-9.990315e-01 -3.254429e-02 -2.961449e-02 -3.650225e+00 3.194458e-02 -9.992794e-01 2.050311e-02 -9.578303e-01 -3.026041e-02 1.953723e-02 9.993512e-01 1.018195e+02
-9.992988e-01 -3.319535e-02 -1.733014e-02 -3.660974e+00 3.283747e-02 -9.992495e-01 2.054240e-02 -9.664875e-01 -1.799905e-02 1.995892e-02 9.996389e-01 1.022664e+02
-9.994271e-01 -3.373057e-02 -2.791792e-03 -3.650615e+00 3.366684e-02 -9.992254e-01 2.037415e-02 -9.761279e-01 -3.476861e-03 2.026849e-02 9.997886e-01 1.026802e+02
-9.993293e-01 -3.419393e-02 1.311003e-02 -3.639265e+00 3.445145e-02 -9.992073e-01 1.994824e-02 -9.853906e-01 1.241753e-02 2.038652e-02 9.997151e-01 1.030831e+02
-9.984769e-01 -2.835145e-02 4.733246e-02 -3.552244e+00 2.897414e-02 -9.995018e-01 1.252184e-02 -9.713482e-01 4.695386e-02 1.387418e-02 9.988008e-01 1.034156e+02
-9.973376e-01 -2.859110e-02 6.708462e-02 -3.515426e+00 2.944319e-02 -9.994974e-01 1.174747e-02 -9.828127e-01 6.671503e-02 1.369138e-02 9.976782e-01 1.038088e+02
-9.952151e-01 -2.870878e-02 9.339640e-02 -3.459522e+00 2.984196e-02 -9.994968e-01 1.075880e-02 -9.943841e-01 9.304053e-02 1.349445e-02 9.955710e-01 1.041964e+02
-9.922073e-01 -2.872525e-02 1.212417e-01 -3.397724e+00 3.011904e-02 -9.994994e-01 9.678772e-03 -1.006084e+00 1.209030e-01 1.325503e-02 9.925759e-01 1.045630e+02
-9.842489e-01 -1.979189e-02 1.756779e-01 -3.314859e+00 2.038488e-02 -9.997910e-01 1.571311e-03 -9.834488e-01 1.756101e-01 5.127736e-03 9.844465e-01 1.049080e+02
-9.778953e-01 -1.955352e-02 2.081796e-01 -3.226215e+00 2.013137e-02 -9.997972e-01 6.572000e-04 -9.973899e-01 2.081245e-01 4.833614e-03 9.780905e-01 1.052607e+02
-9.700443e-01 -1.921360e-02 2.421677e-01 -3.116204e+00 1.973637e-02 -9.998052e-01 -2.671770e-04 -1.011631e+00 2.421256e-01 4.520337e-03 9.702345e-01 1.056067e+02
-9.603391e-01 -1.892435e-02 2.781923e-01 -3.005040e+00 1.934249e-02 -9.998122e-01 -1.241749e-03 -1.026021e+00 2.781635e-01 4.188431e-03 9.605247e-01 1.059415e+02
-9.424061e-01 -1.214347e-02 3.342506e-01 -2.845338e+00 1.232219e-02 -9.999228e-01 -1.585727e-03 -1.019330e+00 3.342441e-01 2.624301e-03 9.424829e-01 1.062997e+02
-9.278416e-01 -1.201406e-02 3.727814e-01 -2.693737e+00 1.205902e-02 -9.999249e-01 -2.211201e-03 -1.033219e+00 3.727800e-01 2.443734e-03 9.279166e-01 1.066196e+02
-9.100147e-01 -1.187756e-02 4.144060e-01 -2.518777e+00 1.178538e-02 -9.999267e-01 -2.779451e-03 -1.046851e+00 4.144087e-01 2.354592e-03 9.100879e-01 1.069512e+02
-8.902640e-01 -1.167526e-02 4.552954e-01 -2.328639e+00 1.140938e-02 -9.999294e-01 -3.332052e-03 -1.060400e+00 4.553021e-01 2.228233e-03 8.903344e-01 1.072740e+02
-8.569960e-01 -1.222410e-02 5.151781e-01 -2.137784e+00 1.349789e-02 -9.999081e-01 -1.272057e-03 -1.030108e+00 5.151464e-01 5.863670e-03 8.570822e-01 1.074791e+02
-8.310827e-01 -1.214058e-02 5.560165e-01 -1.917547e+00 1.316405e-02 -9.999111e-01 -2.156574e-03 -1.043025e+00 5.559931e-01 5.527136e-03 8.311685e-01 1.077545e+02
-8.033282e-01 -1.225884e-02 5.954105e-01 -1.690949e+00 1.290259e-02 -9.999117e-01 -3.178890e-03 -1.056012e+00 5.953969e-01 5.128643e-03 8.034154e-01 1.080047e+02
-7.725001e-01 -1.266135e-02 6.348886e-01 -1.438214e+00 1.281293e-02 -9.999084e-01 -4.350697e-03 -1.069113e+00 6.348855e-01 4.773868e-03 7.725916e-01 1.082612e+02
-7.322678e-01 -2.414759e-02 6.805887e-01 -1.254953e+00 1.824949e-02 -9.997081e-01 -1.583486e-02 -1.076533e+00 6.807724e-01 8.250437e-04 7.324947e-01 1.084902e+02
-6.944804e-01 -2.482825e-02 7.190833e-01 -9.966189e-01 1.769651e-02 -9.996916e-01 -1.742595e-02 -1.092539e+00 7.192941e-01 6.232834e-04 6.947055e-01 1.087098e+02
-6.550816e-01 -2.533229e-02 7.551335e-01 -7.124702e-01 1.695157e-02 -9.996790e-01 -1.883043e-02 -1.109214e+00 7.553681e-01 4.652299e-04 6.553007e-01 1.088984e+02
-6.129119e-01 -2.568717e-02 7.897336e-01 -4.088015e-01 1.610926e-02 -9.996699e-01 -2.001324e-02 -1.126150e+00 7.899871e-01 4.556695e-04 6.131235e-01 1.090747e+02
-5.628080e-01 -2.402209e-02 8.262387e-01 -8.511829e-02 1.723631e-02 -9.997013e-01 -1.732451e-02 -1.095742e+00 8.264081e-01 4.490933e-03 5.630540e-01 1.093171e+02
-5.154229e-01 -2.413019e-02 8.565962e-01 2.355822e-01 1.650686e-02 -9.996976e-01 -1.822899e-02 -1.111320e+00 8.567771e-01 4.744082e-03 5.156652e-01 1.094754e+02
-4.651219e-01 -2.395471e-02 8.849226e-01 5.731544e-01 1.561995e-02 -9.997002e-01 -1.885176e-02 -1.127726e+00 8.851089e-01 5.054084e-03 4.653566e-01 1.096156e+02
-4.133851e-01 -2.373078e-02 9.102471e-01 9.188927e-01 1.482483e-02 -9.997032e-01 -1.933032e-02 -1.144179e+00 9.104357e-01 5.503391e-03 4.136142e-01 1.097499e+02
-3.633580e-01 -1.376776e-02 9.315480e-01 1.309742e+00 1.764637e-02 -9.998131e-01 -7.893569e-03 -1.138528e+00 9.314826e-01 1.357025e-02 3.635330e-01 1.099320e+02
-3.118637e-01 -1.392849e-02 9.500248e-01 1.680996e+00 1.774884e-02 -9.998035e-01 -8.831909e-03 -1.150226e+00 9.499612e-01 1.410749e-02 3.120497e-01 1.100522e+02
-2.622753e-01 -1.415252e-02 9.648893e-01 2.074024e+00 1.781815e-02 -9.997930e-01 -9.821157e-03 -1.162121e+00 9.648286e-01 1.461670e-02 2.624732e-01 1.101445e+02
-2.137836e-01 -1.433007e-02 9.767760e-01 2.489175e+00 1.756949e-02 -9.997870e-01 -1.082229e-02 -1.174071e+00 9.767231e-01 1.484783e-02 2.139899e-01 1.102281e+02
-1.695219e-01 -1.443033e-02 9.854209e-01 2.920280e+00 1.694107e-02 -9.997877e-01 -1.172634e-02 -1.186510e+00 9.853809e-01 1.470621e-02 1.697304e-01 1.102735e+02
-1.391890e-01 -2.464727e-02 9.899592e-01 3.397846e+00 1.334941e-02 -9.996461e-01 -2.301151e-02 -1.177775e+00 9.901759e-01 1.001242e-02 1.394688e-01 1.103202e+02
-1.022351e-01 -2.458942e-02 9.944564e-01 3.853401e+00 1.242983e-02 -9.996480e-01 -2.343995e-02 -1.195551e+00 9.946827e-01 9.964544e-03 1.025047e-01 1.103552e+02
-7.079241e-02 -2.434657e-02 9.971939e-01 4.324922e+00 1.197302e-02 -9.996508e-01 -2.355657e-02 -1.213477e+00 9.974193e-01 1.027180e-02 7.105918e-02 1.103850e+02
-4.271768e-02 -2.391570e-02 9.988010e-01 4.793401e+00 1.184021e-02 -9.996554e-01 -2.342977e-02 -1.230709e+00 9.990171e-01 1.082515e-02 4.298613e-02 1.104270e+02
-5.332547e-02 -1.707606e-02 9.984313e-01 5.348813e+00 1.329782e-02 -9.997773e-01 -1.638885e-02 -1.241672e+00 9.984887e-01 1.240301e-02 5.354067e-02 1.105764e+02
-3.250930e-02 -1.654768e-02 9.993345e-01 5.887976e+00 1.288387e-02 -9.997868e-01 -1.613604e-02 -1.256598e+00 9.993885e-01 1.235073e-02 3.271557e-02 1.105967e+02
-1.331448e-02 -1.611071e-02 9.997817e-01 6.438128e+00 1.211458e-02 -9.997994e-01 -1.594966e-02 -1.271794e+00 9.998381e-01 1.189958e-02 1.350698e-02 1.105937e+02
-1.314678e-03 -1.387262e-02 9.999031e-01 7.031389e+00 -2.175723e-04 -9.999037e-01 -1.387292e-02 -1.268829e+00 9.999992e-01 -2.357897e-04 1.311533e-03 1.105501e+02
1.441585e-02 -1.391493e-02 9.997994e-01 7.589480e+00 -7.452880e-04 -9.999030e-01 -1.390563e-02 -1.281870e+00 9.998959e-01 -5.446771e-04 -1.442482e-02 1.105545e+02
2.354473e-02 -1.396899e-02 9.996253e-01 8.195762e+00 -1.112861e-03 -9.999021e-01 -1.394665e-02 -1.295171e+00 9.997222e-01 -7.840735e-04 -2.355797e-02 1.105463e+02
2.952275e-02 -1.386084e-02 9.994681e-01 8.813445e+00 -1.656233e-03 -9.999032e-01 -1.381795e-02 -1.308662e+00 9.995629e-01 -1.247408e-03 -2.954285e-02 1.105317e+02
2.090230e-02 -2.047036e-02 9.995720e-01 9.516079e+00 -4.628735e-03 -9.997816e-01 -2.037787e-02 -1.314326e+00 9.997709e-01 -4.200810e-03 -2.099249e-02 1.105346e+02
2.021280e-02 -2.021865e-02 9.995914e-01 1.016411e+01 -5.220734e-03 -9.997840e-01 -2.011698e-02 -1.332705e+00 9.997821e-01 -4.811980e-03 -2.031399e-02 1.105336e+02
1.855547e-02 -1.997711e-02 9.996283e-01 1.082586e+01 -5.596959e-03 -9.997867e-01 -1.987638e-02 -1.351108e+00 9.998123e-01 -5.226063e-03 -1.866333e-02 1.105303e+02
1.620342e-02 -1.978881e-02 9.996729e-01 1.150509e+01 -5.839376e-03 -9.997889e-01 -1.969646e-02 -1.369929e+00 9.998518e-01 -5.518316e-03 -1.631556e-02 1.105260e+02
8.760061e-03 -1.891652e-02 9.997828e-01 1.228918e+01 -2.395214e-03 -9.998186e-01 -1.889621e-02 -1.387367e+00 9.999588e-01 -2.229162e-03 -8.803780e-03 1.105544e+02
7.940861e-03 -1.874769e-02 9.997928e-01 1.299996e+01 -2.577237e-03 -9.998213e-01 -1.872776e-02 -1.405993e+00 9.999653e-01 -2.427989e-03 -7.987759e-03 1.105460e+02
7.159334e-03 -1.851538e-02 9.998030e-01 1.369517e+01 -2.668603e-03 -9.998253e-01 -1.849669e-02 -1.424242e+00 9.999709e-01 -2.535653e-03 -7.207494e-03 1.105481e+02
5.514144e-03 -1.821547e-02 9.998189e-01 1.440408e+01 -2.825053e-03 -9.998304e-01 -1.820010e-02 -1.442839e+00 9.999809e-01 -2.724184e-03 -5.564667e-03 1.105480e+02
8.070782e-03 -1.673260e-02 9.998275e-01 1.533235e+01 8.128321e-04 -9.998595e-01 -1.673969e-02 -1.462231e+00 9.999672e-01 9.477944e-04 -8.056047e-03 1.105382e+02
7.762270e-03 -1.627606e-02 9.998375e-01 1.608687e+01 6.731680e-04 -9.998672e-01 -1.628177e-02 -1.480777e+00 9.999697e-01 7.994421e-04 -7.750283e-03 1.105366e+02
1.054611e-02 -1.577134e-02 9.998202e-01 1.682504e+01 6.747338e-04 -9.998753e-01 -1.577933e-02 -1.498842e+00 9.999443e-01 8.410230e-04 -1.053415e-02 1.105398e+02
1.240154e-02 -1.513613e-02 9.998086e-01 1.758705e+01 6.189155e-04 -9.998851e-01 -1.514496e-02 -1.517210e+00 9.999231e-01 8.066179e-04 -1.239075e-02 1.105296e+02
1.328585e-02 -9.145842e-03 9.998700e-01 1.851726e+01 1.557569e-03 -9.999568e-01 -9.167332e-03 -1.525993e+00 9.999106e-01 1.679162e-03 -1.327103e-02 1.105228e+02
1.788543e-02 -8.396064e-03 9.998049e-01 1.930153e+01 1.462430e-03 -9.999635e-01 -8.423557e-03 -1.540254e+00 9.998391e-01 1.612803e-03 -1.787249e-02 1.105131e+02
2.125157e-02 -7.833159e-03 9.997436e-01 2.009885e+01 1.468407e-03 -9.999680e-01 -7.866130e-03 -1.554385e+00 9.997732e-01 1.635198e-03 -2.123939e-02 1.105098e+02
2.475236e-02 -7.493056e-03 9.996656e-01 2.089430e+01 1.477209e-03 -9.999706e-01 -7.531918e-03 -1.568197e+00 9.996926e-01 1.663147e-03 -2.474056e-02 1.104966e+02
1.727006e-02 -1.492340e-02 9.997396e-01 2.183750e+01 3.110883e-03 -9.998829e-01 -1.497928e-02 -1.610415e+00 9.998462e-01 3.368766e-03 -1.722162e-02 1.104862e+02
1.881915e-02 -1.452288e-02 9.997175e-01 2.265170e+01 3.462442e-03 -9.998875e-01 -1.459053e-02 -1.631001e+00 9.998170e-01 3.736046e-03 -1.876675e-02 1.104772e+02
2.068992e-02 -1.388806e-02 9.996896e-01 2.348966e+01 3.901116e-03 -9.998949e-01 -1.397165e-02 -1.651905e+00 9.997784e-01 4.188978e-03 -2.063356e-02 1.104660e+02
2.047391e-02 -1.297358e-02 9.997063e-01 2.434815e+01 4.360159e-03 -9.999051e-01 -1.306545e-02 -1.673081e+00 9.997810e-01 4.626380e-03 -2.041540e-02 1.104610e+02
1.956655e-02 -4.615372e-03 9.997979e-01 2.525590e+01 1.068040e-02 -9.999313e-01 -4.825008e-03 -1.685686e+00 9.997516e-01 1.077265e-02 -1.951591e-02 1.104592e+02
1.887917e-02 -3.093259e-03 9.998171e-01 2.611109e+01 1.176345e-02 -9.999253e-01 -3.315719e-03 -1.700881e+00 9.997526e-01 1.182390e-02 -1.884137e-02 1.104553e+02
1.854397e-02 -2.005240e-03 9.998261e-01 2.696961e+01 1.266779e-02 -9.999173e-01 -2.240375e-03 -1.715153e+00 9.997479e-01 1.270714e-02 -1.851703e-02 1.104405e+02
1.861613e-02 -1.401862e-03 9.998258e-01 2.782068e+01 1.341798e-02 -9.999086e-01 -1.651812e-03 -1.729028e+00 9.997368e-01 1.344639e-02 -1.859562e-02 1.104333e+02
1.770670e-02 -1.508297e-02 9.997296e-01 2.860358e+01 1.112851e-02 -9.998213e-01 -1.528146e-02 -1.765715e+00 9.997814e-01 1.139609e-02 -1.753568e-02 1.104034e+02
1.663680e-02 -1.444266e-02 9.997573e-01 2.945056e+01 1.165743e-02 -9.998249e-01 -1.463763e-02 -1.790501e+00 9.997938e-01 1.189812e-02 -1.646552e-02 1.103964e+02
1.559383e-02 -1.341788e-02 9.997885e-01 3.028174e+01 1.201162e-02 -9.998353e-01 -1.360585e-02 -1.814692e+00 9.998063e-01 1.222125e-02 -1.543010e-02 1.103899e+02
1.448996e-02 -1.225176e-02 9.998201e-01 3.111307e+01 1.224034e-02 -9.998478e-01 -1.242949e-02 -1.838381e+00 9.998202e-01 1.241824e-02 -1.433779e-02 1.103834e+02
1.476230e-02 -4.577471e-03 9.998807e-01 3.194021e+01 3.957385e-03 -9.999815e-01 -4.636360e-03 -1.845694e+00 9.998833e-01 4.025356e-03 -1.474391e-02 1.103724e+02
1.444181e-02 -3.527172e-03 9.998896e-01 3.276761e+01 4.218900e-03 -9.999847e-01 -3.588443e-03 -1.862872e+00 9.998869e-01 4.270257e-03 -1.442671e-02 1.103653e+02
1.512233e-02 -2.533835e-03 9.998826e-01 3.358468e+01 4.587011e-03 -9.999861e-01 -2.603472e-03 -1.879111e+00 9.998752e-01 4.625843e-03 -1.511050e-02 1.103586e+02
1.795533e-02 -1.583736e-03 9.998376e-01 3.440439e+01 5.104091e-03 -9.999856e-01 -1.675630e-03 -1.894715e+00 9.998259e-01 5.133348e-03 -1.794699e-02 1.103429e+02
2.049793e-02 -5.072774e-03 9.997771e-01 3.517835e+01 1.099959e-02 -9.999255e-01 -5.299045e-03 -1.923251e+00 9.997295e-01 1.110576e-02 -2.044060e-02 1.103418e+02
2.046539e-02 -4.205520e-03 9.997818e-01 3.599316e+01 1.164051e-02 -9.999224e-01 -4.444391e-03 -1.941317e+00 9.997229e-01 1.172893e-02 -2.041485e-02 1.103254e+02
2.147194e-02 -3.333827e-03 9.997640e-01 3.680500e+01 1.235967e-02 -9.999171e-01 -3.599786e-03 -1.958609e+00 9.996932e-01 1.243404e-02 -2.142895e-02 1.103094e+02
2.344235e-02 -2.425546e-03 9.997224e-01 3.760761e+01 1.301125e-02 -9.999116e-01 -2.731104e-03 -1.975320e+00 9.996406e-01 1.307166e-02 -2.340872e-02 1.102959e+02
3.130662e-02 -3.730801e-03 9.995030e-01 3.836775e+01 1.493578e-02 -9.998796e-01 -4.200029e-03 -1.997018e+00 9.993984e-01 1.505985e-02 -3.124713e-02 1.102786e+02
3.459530e-02 -2.919211e-03 9.993972e-01 3.914762e+01 1.555442e-02 -9.998730e-01 -3.459035e-03 -2.014190e+00 9.992805e-01 1.566471e-02 -3.454550e-02 1.102601e+02
3.683694e-02 -2.136570e-03 9.993191e-01 3.991952e+01 1.611923e-02 -9.998664e-01 -2.731928e-03 -2.030711e+00 9.991913e-01 1.620889e-02 -3.679757e-02 1.102362e+02
3.778402e-02 -1.315415e-03 9.992852e-01 4.067309e+01 1.661627e-02 -9.998600e-01 -1.944450e-03 -2.046808e+00 9.991478e-01 1.667786e-02 -3.775688e-02 1.102002e+02
3.612148e-02 -2.942257e-03 9.993432e-01 4.141544e+01 1.504300e-02 -9.998807e-01 -3.487572e-03 -2.051002e+00 9.992343e-01 1.515910e-02 -3.607292e-02 1.101934e+02
3.784102e-02 -2.094919e-03 9.992817e-01 4.217074e+01 1.555639e-02 -9.998754e-01 -2.685257e-03 -2.067880e+00 9.991628e-01 1.564683e-02 -3.780372e-02 1.101731e+02
4.008332e-02 -1.212429e-03 9.991957e-01 4.292537e+01 1.612284e-02 -9.998683e-01 -1.860022e-03 -2.084141e+00 9.990664e-01 1.618443e-02 -4.005849e-02 1.101508e+02
4.149222e-02 -3.106417e-04 9.991388e-01 4.364602e+01 1.671011e-02 -9.998599e-01 -1.004803e-03 -2.099433e+00 9.989992e-01 1.673741e-02 -4.148122e-02 1.101380e+02
4.138894e-02 1.147448e-04 9.991432e-01 4.439652e+01 1.761214e-02 -9.998447e-01 -6.147478e-04 -2.117521e+00 9.989880e-01 1.762250e-02 -4.138454e-02 1.100812e+02
4.400701e-02 7.942660e-04 9.990310e-01 4.509335e+01 1.811312e-02 -9.998360e-01 -2.971417e-06 -2.132185e+00 9.988672e-01 1.809570e-02 -4.401418e-02 1.100535e+02
4.528116e-02 1.313572e-03 9.989735e-01 4.577747e+01 1.858223e-02 -9.998272e-01 4.724049e-04 -2.146453e+00 9.988015e-01 1.854176e-02 -4.529775e-02 1.100231e+02
4.755004e-02 1.744833e-03 9.988674e-01 4.646033e+01 1.911593e-02 -9.998170e-01 8.364972e-04 -2.160237e+00 9.986860e-01 1.905451e-02 -4.757470e-02 1.100023e+02
4.263841e-02 -5.934074e-03 9.990730e-01 4.718860e+01 1.729308e-02 -9.998282e-01 -6.676592e-03 -2.188121e+00 9.989410e-01 1.756173e-02 -4.252847e-02 1.099891e+02
4.435547e-02 -5.527250e-03 9.990007e-01 4.785717e+01 1.773080e-02 -9.998229e-01 -6.319044e-03 -2.206988e+00 9.988585e-01 1.799337e-02 -4.424961e-02 1.099520e+02
4.584448e-02 -5.085599e-03 9.989357e-01 4.852170e+01 1.813482e-02 -9.998180e-01 -5.922358e-03 -2.225532e+00 9.987841e-01 1.838703e-02 -4.574391e-02 1.099244e+02
4.711519e-02 -4.645456e-03 9.988788e-01 4.918702e+01 1.865598e-02 -9.998107e-01 -5.529757e-03 -2.243481e+00 9.987153e-01 1.889560e-02 -4.701960e-02 1.098990e+02
4.286961e-02 -5.915900e-03 9.990632e-01 4.996420e+01 1.851414e-02 -9.998060e-01 -6.714736e-03 -2.248490e+00 9.989092e-01 1.878466e-02 -4.275176e-02 1.098931e+02
4.173994e-02 -5.413526e-03 9.991139e-01 5.062761e+01 1.895297e-02 -9.998011e-01 -6.209047e-03 -2.266732e+00 9.989488e-01 1.919535e-02 -4.162903e-02 1.098681e+02
4.268869e-02 -4.895444e-03 9.990765e-01 5.128189e+01 1.934058e-02 -9.997966e-01 -5.725359e-03 -2.284377e+00 9.989013e-01 1.956713e-02 -4.258532e-02 1.098503e+02
4.602301e-02 -4.346657e-03 9.989310e-01 5.193828e+01 1.989782e-02 -9.997882e-01 -5.267124e-03 -2.301721e+00 9.987423e-01 2.011896e-02 -4.592677e-02 1.098244e+02
5.027333e-02 -3.648950e-03 9.987289e-01 5.266014e+01 2.385652e-02 -9.997036e-01 -4.853384e-03 -2.313152e+00 9.984506e-01 2.407020e-02 -5.017137e-02 1.097974e+02
5.430999e-02 -3.351229e-03 9.985186e-01 5.332439e+01 2.439728e-02 -9.996914e-01 -4.682147e-03 -2.329274e+00 9.982261e-01 2.461543e-02 -5.421147e-02 1.097717e+02
5.744663e-02 -3.160716e-03 9.983437e-01 5.397971e+01 2.492372e-02 -9.996787e-01 -4.599103e-03 -2.345442e+00 9.980375e-01 2.514664e-02 -5.734940e-02 1.097282e+02
6.298514e-02 -3.005441e-03 9.980101e-01 5.463504e+01 2.558902e-02 -9.996618e-01 -4.625357e-03 -2.361430e+00 9.976865e-01 2.582943e-02 -6.288693e-02 1.096850e+02
7.672644e-02 -1.062937e-02 9.969956e-01 5.532561e+01 2.396197e-02 -9.996347e-01 -1.250156e-02 -2.369960e+00 9.967643e-01 2.484918e-02 -7.644370e-02 1.096248e+02
8.286421e-02 -1.031440e-02 9.965075e-01 5.598124e+01 2.473918e-02 -9.996170e-01 -1.240376e-02 -2.391042e+00 9.962538e-01 2.568060e-02 -8.257730e-02 1.095737e+02
8.712105e-02 -9.987183e-03 9.961477e-01 5.663039e+01 2.556666e-02 -9.995980e-01 -1.225778e-02 -2.411856e+00 9.958697e-01 2.653608e-02 -8.683068e-02 1.095209e+02
9.013663e-02 -9.629996e-03 9.958829e-01 5.726368e+01 2.627530e-02 -9.995822e-01 -1.204392e-02 -2.432292e+00 9.955828e-01 2.725272e-02 -8.984593e-02 1.094713e+02
9.328149e-02 -7.993009e-03 9.956078e-01 5.805014e+01 3.067593e-02 -9.994700e-01 -1.089814e-02 -2.439913e+00 9.951672e-01 3.155779e-02 -9.298684e-02 1.094158e+02
9.484009e-02 -7.228291e-03 9.954664e-01 5.873014e+01 3.113955e-02 -9.994628e-01 -1.022404e-02 -2.460217e+00 9.950055e-01 3.196802e-02 -9.456404e-02 1.093542e+02
9.627719e-02 -6.309675e-03 9.953347e-01 5.941500e+01 3.169248e-02 -9.994535e-01 -9.401350e-03 -2.480246e+00 9.948500e-01 3.244976e-02 -9.602461e-02 1.092969e+02
9.753878e-02 -5.432790e-03 9.952170e-01 6.009949e+01 3.215719e-02 -9.994457e-01 -8.607522e-03 -2.499340e+00 9.947121e-01 3.284295e-02 -9.731002e-02 1.092458e+02
9.967501e-02 7.160805e-04 9.950199e-01 6.096148e+01 2.875454e-02 -9.995841e-01 -2.161089e-03 -2.473536e+00 9.946045e-01 2.882675e-02 -9.965416e-02 1.091492e+02
1.000422e-01 1.136647e-03 9.949826e-01 6.168076e+01 2.871631e-02 -9.995861e-01 -1.745425e-03 -2.488122e+00 9.945688e-01 2.874685e-02 -1.000335e-01 1.090636e+02
9.947063e-02 1.286486e-03 9.950397e-01 6.239606e+01 2.819904e-02 -9.996012e-01 -1.526576e-03 -2.502182e+00 9.946409e-01 2.821102e-02 -9.946724e-02 1.089803e+02
1.000457e-01 1.395441e-03 9.949819e-01 6.311794e+01 2.759446e-02 -9.996183e-01 -1.372687e-03 -2.515684e+00 9.946002e-01 2.759333e-02 -1.000460e-01 1.089055e+02
1.011765e-01 -1.224946e-02 9.947932e-01 6.395199e+01 1.264217e-02 -9.998276e-01 -1.359723e-02 -2.540577e+00 9.947882e-01 1.395206e-02 -1.010042e-01 1.088234e+02
1.012409e-01 -1.178618e-02 9.947922e-01 6.467509e+01 1.207559e-02 -9.998416e-01 -1.307495e-02 -2.562412e+00 9.947887e-01 1.333642e-02 -1.010826e-01 1.087493e+02
1.013423e-01 -1.124182e-02 9.947882e-01 6.539796e+01 1.138554e-02 -9.998576e-01 -1.245899e-02 -2.583714e+00 9.947866e-01 1.258882e-02 -1.011999e-01 1.086742e+02
9.970982e-02 -1.070269e-02 9.949591e-01 6.609653e+01 1.070169e-02 -9.998727e-01 -1.182801e-02 -2.604333e+00 9.949591e-01 1.182712e-02 -9.958260e-02 1.086025e+02
1.025358e-01 -2.312969e-03 9.947267e-01 6.695075e+01 1.275225e-02 -9.999120e-01 -3.639521e-03 -2.595761e+00 9.946477e-01 1.305819e-02 -1.024973e-01 1.085527e+02
1.032571e-01 -1.907035e-03 9.946529e-01 6.766764e+01 1.218058e-02 -9.999208e-01 -3.181627e-03 -2.610162e+00 9.945802e-01 1.244398e-02 -1.032257e-01 1.084790e+02
1.049592e-01 -1.502804e-03 9.944755e-01 6.841656e+01 1.160681e-02 -9.999289e-01 -2.736054e-03 -2.624138e+00 9.944089e-01 1.182986e-02 -1.049343e-01 1.083982e+02
1.061159e-01 -1.087662e-03 9.943532e-01 6.916725e+01 1.104718e-02 -9.999364e-01 -2.272707e-03 -2.637627e+00 9.942925e-01 1.122597e-02 -1.060971e-01 1.083290e+02
1.114247e-01 -3.908756e-03 9.937652e-01 6.992086e+01 1.335500e-02 -9.998960e-01 -5.430283e-03 -2.653728e+00 9.936832e-01 1.387681e-02 -1.113609e-01 1.082235e+02
1.152089e-01 -3.524010e-03 9.933351e-01 7.067097e+01 1.300536e-02 -9.999026e-01 -5.055696e-03 -2.668952e+00 9.932562e-01 1.350114e-02 -1.151519e-01 1.081496e+02
1.195901e-01 -3.211964e-03 9.928182e-01 7.139606e+01 1.271014e-02 -9.999079e-01 -4.765902e-03 -2.683775e+00 9.927421e-01 1.318881e-02 -1.195383e-01 1.080682e+02
1.216826e-01 -2.923872e-03 9.925649e-01 7.213818e+01 1.242515e-02 -9.999128e-01 -4.468767e-03 -2.698136e+00 9.924914e-01 1.287654e-02 -1.216356e-01 1.079871e+02
1.170186e-01 -5.267865e-03 9.931158e-01 7.297056e+01 1.778660e-02 -9.998144e-01 -7.399186e-03 -2.712996e+00 9.929705e-01 1.852999e-02 -1.169031e-01 1.079017e+02
1.177196e-01 -4.908603e-03 9.930348e-01 7.373242e+01 1.753538e-02 -9.998215e-01 -7.020886e-03 -2.729527e+00 9.928921e-01 1.823974e-02 -1.176125e-01 1.078140e+02
1.183796e-01 -4.435019e-03 9.929587e-01 7.450815e+01 1.743934e-02 -9.998266e-01 -6.544794e-03 -2.745453e+00 9.928153e-01 1.809131e-02 -1.182817e-01 1.077373e+02
1.201814e-01 -3.878062e-03 9.927445e-01 7.529797e+01 1.742538e-02 -9.998301e-01 -6.015254e-03 -2.761348e+00 9.925991e-01 1.802187e-02 -1.200934e-01 1.076512e+02
1.220134e-01 5.097664e-04 9.925284e-01 7.609616e+01 2.171750e-02 -9.997618e-01 -2.156291e-03 -2.770075e+00 9.922909e-01 2.181833e-02 -1.219954e-01 1.075499e+02
